kumpula 2021 1 1 1 -0.7 3.3 0.4 -999.9 0.0 2.6 6.3 400.0 
kumpula 2021 1 2 2 -1.5 1.4 0.3 -999.9 6.5 4.0 5.6 400.0 
kumpula 2021 1 3 3 -3.8 -1.5 0.3 -999.9 1.2 3.4 4.6 400.0 
kumpula 2021 1 4 4 -3.2 -1.1 0.4 -999.9 0.0 3.5 4.8 400.0 
kumpula 2021 1 5 5 -3.7 -1.2 0.3 -999.9 0.0 3.3 4.7 400.0 
kumpula 2021 1 6 6 -4.0 -2.8 0.2 -999.9 0.0 4.2 4.3 400.0 
kumpula 2021 1 7 7 -2.8 0.0 0.4 -999.9 1.7 5.2 5.0 400.0 
kumpula 2021 1 8 8 -3.3 -2.1 0.3 -999.9 0.0 4.6 4.4 400.0 
kumpula 2021 1 9 9 -9.2 -3.3 1.6 -999.9 0.0 3.2 3.2 400.0 
kumpula 2021 1 10 10 -13.3 -0.8 0.3 -999.9 8.2 4.2 3.3 400.0 
kumpula 2021 1 11 11 -0.8 0.3 0.4 -999.9 4.5 6.3 5.7 400.0 
kumpula 2021 1 12 12 -1.8 0.0 0.2 -999.9 21.5 10.2 5.5 400.0 
kumpula 2021 1 13 13 -8.4 -1.0 0.1 -999.9 3.4 7.9 3.9 400.0 
kumpula 2021 1 14 14 -19.4 -7.9 1.2 -999.9 0.0 5.3 1.7 400.0 
kumpula 2021 1 15 15 -21.8 -15.6 1.9 -999.9 0.5 3.4 1.1 400.0 
kumpula 2021 1 16 16 -18.2 -12.3 1.7 -999.9 0.0 3.2 1.6 400.0 
kumpula 2021 1 17 17 -19.1 -8.0 1.1 -999.9 0.0 3.0 2.0 400.0 
kumpula 2021 1 18 18 -12.9 -1.2 0.9 -999.9 2.2 2.3 3.4 400.0 
kumpula 2021 1 19 19 -1.3 0.2 0.5 -999.9 2.0 5.1 5.6 400.0 
kumpula 2021 1 20 20 -7.2 0.1 1.1 -999.9 4.0 4.8 4.0 400.0 
kumpula 2021 1 21 21 -5.5 -3.7 0.6 -999.9 6.7 7.6 4.0 400.0 
kumpula 2021 1 22 22 -3.9 2.2 0.5 -999.9 2.5 5.0 5.4 400.0 
kumpula 2021 1 23 23 1.8 3.4 0.5 -999.9 1.5 6.3 6.6 400.0 
kumpula 2021 1 24 24 0.3 2.9 0.4 -999.9 8.2 4.2 6.6 400.0 
kumpula 2021 1 25 25 0.1 2.2 0.4 -999.9 0.5 4.8 6.3 400.0 
kumpula 2021 1 26 26 0.5 1.5 0.8 -999.9 6.2 3.2 5.9 400.0 
kumpula 2021 1 27 27 -0.2 1.0 0.5 -999.9 1.1 2.3 6.1 400.0 
kumpula 2021 1 28 28 -5.1 -0.2 1.0 -999.9 0.7 2.8 4.6 400.0 
kumpula 2021 1 29 29 -5.3 -1.7 1.5 -999.9 4.6 4.3 4.3 400.0 
kumpula 2021 1 30 30 -6.8 -3.9 1.2 -999.9 4.7 4.4 3.6 400.0 
kumpula 2021 1 31 31 -8.5 -4.5 1.7 -999.9 1.4 2.8 3.4 400.0 
kumpula 2021 2 1 32 -11.0 -5.7 1.7 -999.9 0.0 2.5 3.0 400.0 
kumpula 2021 2 2 33 -8.9 -2.4 1.0 -999.9 8.7 3.4 3.6 400.0 
kumpula 2021 2 3 34 -9.7 -1.9 3.4 -999.9 0.0 4.1 3.4 400.0 
kumpula 2021 2 4 35 -15.9 -9.7 4.1 -999.9 0.0 3.9 1.9 400.0 
kumpula 2021 2 5 36 -16.5 -12.3 4.2 -999.9 0.0 3.9 1.6 400.0 
kumpula 2021 2 6 37 -17.4 -8.2 3.3 -999.9 0.0 3.1 1.9 400.0 
kumpula 2021 2 7 38 -15.3 -4.9 2.6 -999.9 0.0 3.7 2.4 400.0 
kumpula 2021 2 8 39 -9.7 -5.3 3.6 -999.9 0.0 2.8 2.8 400.0 
kumpula 2021 2 9 40 -12.8 -9.6 2.5 -999.9 0.2 3.0 2.3 400.0 
kumpula 2021 2 10 41 -16.0 -9.8 4.1 -999.9 0.0 3.1 2.0 400.0 
kumpula 2021 2 11 42 -18.3 -12.3 5.4 -999.9 0.0 3.4 1.6 400.0 
kumpula 2021 2 12 43 -18.8 -8.4 4.2 -999.9 0.0 2.1 1.9 400.0 
kumpula 2021 2 13 44 -10.6 -2.5 2.7 -999.9 0.0 3.1 3.3 400.0 
kumpula 2021 2 14 45 -7.2 -3.5 5.4 -999.9 0.0 4.6 3.2 400.0 
kumpula 2021 2 15 46 -13.5 -4.2 5.5 -999.9 0.0 4.1 2.5 400.0 
kumpula 2021 2 16 47 -9.6 -2.6 4.6 -999.9 0.0 4.6 3.1 400.0 
kumpula 2021 2 17 48 -16.5 -9.6 6.5 -999.9 0.0 3.3 1.8 400.0 
kumpula 2021 2 18 49 -21.2 -8.9 5.9 -999.9 0.0 2.8 1.6 400.0 
kumpula 2021 2 19 50 -9.1 -5.2 3.1 -999.9 1.0 3.7 2.9 400.0 
kumpula 2021 2 20 51 -5.8 0.2 1.5 -999.9 6.2 4.3 4.6 400.0 
kumpula 2021 2 21 52 -5.4 3.5 1.5 -999.9 3.8 5.4 5.5 400.0 
kumpula 2021 2 22 53 -9.3 -2.9 2.1 -999.9 0.5 6.1 3.5 400.0 
kumpula 2021 2 23 54 -9.6 -1.8 0.6 -999.9 5.4 6.4 3.8 400.0 
kumpula 2021 2 24 55 -4.3 2.4 1.4 -999.9 0.4 3.9 5.6 400.0 
kumpula 2021 2 25 56 1.8 4.0 2.8 -999.9 0.6 4.8 7.5 400.0 
kumpula 2021 2 26 57 1.9 4.0 3.6 -999.9 0.0 5.0 6.9 400.0 
kumpula 2021 2 27 58 0.2 5.6 8.6 -999.9 0.3 5.1 5.7 400.0 
kumpula 2021 2 28 59 0.5 8.8 8.5 -999.9 0.0 5.2 6.6 400.0 
kumpula 2021 3 1 60 0.8 6.1 4.6 -999.9 0.0 5.1 6.1 400.0 
kumpula 2021 3 2 61 1.7 6.5 8.8 -999.9 0.0 6.0 5.7 400.0 
kumpula 2021 3 3 62 -1.4 7.6 8.0 -999.9 0.9 5.7 6.0 400.0 
kumpula 2021 3 4 63 -3.2 2.8 8.8 -999.9 0.0 4.3 4.1 400.0 
kumpula 2021 3 5 64 -7.9 -0.1 10.2 -999.9 0.0 3.6 2.7 400.0 
kumpula 2021 3 6 65 -7.5 2.2 3.5 -999.9 2.8 6.7 4.2 400.0 
kumpula 2021 3 7 66 -7.1 1.5 6.9 -999.9 0.5 6.1 3.7 400.0 
kumpula 2021 3 8 67 -8.4 -2.8 9.8 -999.9 2.0 3.4 2.5 400.0 
kumpula 2021 3 9 68 -10.1 -3.5 2.7 -999.9 9.0 6.6 3.1 400.0 
kumpula 2021 3 10 69 -15.5 -7.4 11.6 -999.9 0.0 6.8 1.7 400.0 
kumpula 2021 3 11 70 -8.6 -0.5 3.9 -999.9 2.0 6.8 3.4 400.0 
kumpula 2021 3 12 71 -3.1 -0.6 2.1 -999.9 1.8 6.1 4.8 400.0 
kumpula 2021 3 13 72 -1.2 3.1 4.4 -999.9 1.2 4.1 6.2 400.0 
kumpula 2021 3 14 73 0.2 1.5 1.9 -999.9 6.1 3.3 6.4 400.0 
kumpula 2021 3 15 74 0.0 2.0 2.4 -999.9 0.6 4.2 6.3 400.0 
kumpula 2021 3 16 75 -1.4 2.1 4.7 -999.9 0.0 2.9 5.9 400.0 
kumpula 2021 3 17 76 -2.7 2.6 5.8 -999.9 1.4 2.8 5.4 400.0 
kumpula 2021 3 18 77 -5.3 0.7 8.7 -999.9 0.0 4.0 3.3 400.0 
kumpula 2021 3 19 78 -8.0 -1.8 12.4 -999.9 0.0 3.6 2.5 400.0 
kumpula 2021 3 20 79 -7.9 0.3 3.9 -999.9 3.0 6.7 3.8 400.0 
kumpula 2021 3 21 80 -0.1 3.8 8.3 -999.9 0.0 7.0 4.6 400.0 
kumpula 2021 3 22 81 -4.3 3.2 14.7 -999.9 0.0 3.6 2.7 400.0 
kumpula 2021 3 23 82 -5.4 6.4 10.3 -999.9 0.0 4.2 5.1 400.0 
kumpula 2021 3 24 83 0.9 4.7 4.9 -999.9 0.0 7.3 6.8 400.0 
kumpula 2021 3 25 84 1.3 7.3 12.6 -999.9 0.9 4.4 7.4 400.0 
kumpula 2021 3 26 85 0.1 7.3 11.8 -999.9 0.0 2.9 7.4 400.0 
kumpula 2021 3 27 86 -0.5 9.4 12.3 -999.9 0.0 3.5 6.8 400.0 
kumpula 2021 3 28 87 2.1 7.3 8.3 -999.9 0.5 5.0 6.7 400.0 
kumpula 2021 3 29 88 2.1 4.4 2.4 -999.9 8.8 7.0 7.2 400.0 
kumpula 2021 3 30 89 3.6 7.2 6.9 -999.9 0.0 4.6 8.5 400.0 
kumpula 2021 3 31 90 3.0 10.6 10.3 -999.9 0.0 4.1 7.0 400.0 
kumpula 2021 4 1 91 -1.0 10.3 16.1 -999.9 0.0 4.8 5.4 400.0 
kumpula 2021 4 2 92 0.8 7.0 9.9 -999.9 0.0 4.1 6.3 400.0 
kumpula 2021 4 3 93 1.0 8.2 10.6 -999.9 0.0 4.1 5.6 400.0 
kumpula 2021 4 4 94 -0.6 8.3 14.0 -999.9 4.2 7.6 5.8 400.0 
kumpula 2021 4 5 95 1.0 4.0 4.0 -999.9 3.5 9.5 6.1 400.0 
kumpula 2021 4 6 96 -0.2 5.5 11.8 -999.9 0.0 8.3 5.7 400.0 
kumpula 2021 4 7 97 1.4 7.2 10.3 -999.9 0.0 5.3 6.5 400.0 
kumpula 2021 4 8 98 0.0 8.7 16.8 -999.9 0.0 5.2 4.9 400.0 
kumpula 2021 4 9 99 -0.6 3.6 2.7 -999.9 4.0 8.7 6.1 400.0 
kumpula 2021 4 10 100 0.6 5.4 10.6 -999.9 1.5 8.8 6.3 400.0 
kumpula 2021 4 11 101 1.9 10.1 19.2 -999.9 0.0 4.9 6.7 400.0 
kumpula 2021 4 12 102 4.3 13.7 9.8 -999.9 0.0 4.1 7.2 400.0 
kumpula 2021 4 13 103 4.4 10.0 10.2 -999.9 0.0 4.1 7.3 400.0 
kumpula 2021 4 14 104 0.5 8.8 15.3 -999.9 0.0 3.6 5.8 400.0 
kumpula 2021 4 15 105 0.5 10.5 20.3 -999.9 0.0 3.3 4.2 400.0 
kumpula 2021 4 16 106 2.3 13.9 20.6 -999.9 0.0 5.4 4.0 400.0 
kumpula 2021 4 17 107 4.0 15.4 21.4 -999.9 0.0 5.6 3.8 400.0 
kumpula 2021 4 18 108 4.2 15.1 21.6 -999.9 0.0 4.2 4.4 400.0 
kumpula 2021 4 19 109 5.5 12.5 21.6 -999.9 0.0 4.2 5.2 400.0 
kumpula 2021 4 20 110 1.9 11.3 21.2 -999.9 0.0 5.3 4.3 400.0 
kumpula 2021 4 21 111 3.2 13.0 21.5 -999.9 0.0 4.4 7.2 400.0 
kumpula 2021 4 22 112 2.0 11.8 19.9 -999.9 6.5 3.2 7.0 400.0 
kumpula 2021 4 23 113 0.4 6.1 4.2 -999.9 4.5 3.3 6.8 400.0 
kumpula 2021 4 24 114 0.6 4.8 7.9 -999.9 3.5 3.1 6.8 400.0 
kumpula 2021 4 25 115 1.4 7.1 12.1 -999.9 3.0 4.6 7.0 400.0 
kumpula 2021 4 26 116 0.5 5.1 3.0 -999.9 0.0 3.4 6.8 400.0 
kumpula 2021 4 27 117 2.0 6.0 9.0 -999.9 0.0 3.3 5.9 400.0 
kumpula 2021 4 28 118 -1.5 7.7 17.6 -999.9 0.1 3.1 5.1 400.0 
kumpula 2021 4 29 119 -1.4 9.1 19.8 -999.9 0.0 3.0 5.5 400.0 
kumpula 2021 4 30 120 -1.7 11.4 20.1 -999.9 0.0 3.0 4.8 400.0 
kumpula 2021 5 1 121 -0.3 9.2 15.0 -999.9 0.0 4.2 4.3 400.0 
kumpula 2021 5 2 122 -0.1 9.7 23.0 -999.9 0.0 3.1 4.0 400.0 
kumpula 2021 5 3 123 1.6 9.6 13.5 -999.9 0.0 4.7 3.6 400.0 
kumpula 2021 5 4 124 3.7 11.3 19.0 -999.9 0.0 4.2 5.0 400.0 
kumpula 2021 5 5 125 2.5 6.1 7.8 -999.9 7.7 8.4 7.1 400.0 
kumpula 2021 5 6 126 4.1 8.6 10.0 -999.9 0.5 3.0 8.2 400.0 
kumpula 2021 5 7 127 2.8 8.1 10.8 -999.9 0.0 3.7 7.4 400.0 
kumpula 2021 5 8 128 2.9 12.2 16.9 -999.9 0.0 4.0 6.7 400.0 
kumpula 2021 5 9 129 0.2 12.4 21.3 -999.9 2.8 4.6 6.4 400.0 
kumpula 2021 5 10 130 6.5 17.2 8.7 -999.9 0.1 4.2 9.5 400.0 
kumpula 2021 5 11 131 12.2 23.8 25.6 -999.9 0.0 3.8 10.3 400.0 
kumpula 2021 5 12 132 12.1 21.1 26.0 -999.9 0.0 3.8 8.6 400.0 
kumpula 2021 5 13 133 11.5 24.7 22.2 -999.9 0.0 4.2 11.2 400.0 
kumpula 2021 5 14 134 8.9 17.3 20.8 -999.9 0.0 4.5 9.9 400.0 
kumpula 2021 5 15 135 11.1 19.1 15.4 -999.9 0.0 3.5 13.0 400.0 
kumpula 2021 5 16 136 10.1 17.5 27.0 -999.9 0.0 3.5 10.6 400.0 
kumpula 2021 5 17 137 8.2 17.4 12.4 -999.9 9.2 4.4 12.7 400.0 
kumpula 2021 5 18 138 9.6 15.7 9.5 -999.9 5.9 2.9 12.4 400.0 
kumpula 2021 5 19 139 10.7 15.2 6.2 -999.9 3.0 3.1 14.1 400.0 
kumpula 2021 5 20 140 9.4 16.7 9.0 -999.9 17.6 3.4 12.8 400.0 
kumpula 2021 5 21 141 9.2 14.7 10.2 -999.9 0.0 6.3 11.2 400.0 
kumpula 2021 5 22 142 7.6 16.5 26.1 -999.9 0.0 5.1 11.0 400.0 
kumpula 2021 5 23 143 6.3 16.8 14.1 -999.9 0.0 2.7 10.6 400.0 
kumpula 2021 5 24 144 7.2 16.6 24.4 -999.9 0.0 4.2 9.7 400.0 
kumpula 2021 5 25 145 7.0 14.7 23.1 -999.9 0.0 5.0 8.7 400.0 
kumpula 2021 5 26 146 7.7 12.3 3.3 -999.9 38.6 7.8 10.8 400.0 
kumpula 2021 5 27 147 8.0 12.8 9.7 -999.9 0.0 3.9 11.1 400.0 
kumpula 2021 5 28 148 6.6 15.5 30.9 -999.9 0.0 4.6 9.9 400.0 
kumpula 2021 5 29 149 7.1 15.9 26.4 -999.9 0.0 3.8 7.2 400.0 
kumpula 2021 5 30 150 5.2 15.2 29.9 -999.9 0.0 3.7 6.4 400.0 
kumpula 2021 5 31 151 8.6 17.2 14.9 -999.9 1.1 4.3 10.0 400.0 
kumpula 2021 6 1 152 9.4 17.6 29.2 -999.9 0.0 4.0 9.8 400.0 
kumpula 2021 6 2 153 8.0 22.0 28.0 -999.9 0.0 2.0 9.1 400.0 
kumpula 2021 6 3 154 13.5 20.3 26.9 -999.9 0.0 4.3 9.3 400.0 
kumpula 2021 6 4 155 11.6 22.9 28.9 -999.9 0.0 2.7 11.3 400.0 
kumpula 2021 6 5 156 11.3 24.4 26.8 -999.9 0.0 2.8 12.0 400.0 
kumpula 2021 6 6 157 13.4 26.2 13.7 -999.9 13.1 3.4 16.0 400.0 
kumpula 2021 6 7 158 13.4 26.3 21.3 -999.9 0.2 2.8 15.3 400.0 
kumpula 2021 6 8 159 13.0 22.0 26.7 -999.9 0.0 3.3 13.5 400.0 
kumpula 2021 6 9 160 12.9 22.5 28.5 -999.9 0.0 2.9 10.9 400.0 
kumpula 2021 6 10 161 11.0 24.1 28.8 -999.9 0.0 2.7 10.4 400.0 
kumpula 2021 6 11 162 12.3 24.9 29.6 -999.9 0.0 4.0 12.6 400.0 
kumpula 2021 6 12 163 15.4 22.2 19.4 -999.9 5.0 4.1 16.5 400.0 
kumpula 2021 6 13 164 13.9 20.9 18.8 -999.9 0.2 4.3 14.5 400.0 
kumpula 2021 6 14 165 8.7 21.0 27.3 -999.9 0.5 6.0 10.2 400.0 
kumpula 2021 6 15 166 13.7 19.9 24.8 -999.9 0.0 6.4 12.9 400.0 
kumpula 2021 6 16 167 10.0 21.7 29.6 -999.9 0.0 4.4 10.6 400.0 
kumpula 2021 6 17 168 11.8 22.7 28.7 -999.9 0.0 3.4 13.9 400.0 
kumpula 2021 6 18 169 13.3 26.4 29.3 -999.9 0.0 5.2 13.8 400.0 
kumpula 2021 6 19 170 16.6 28.7 29.3 -999.9 0.0 3.2 15.9 400.0 
kumpula 2021 6 20 171 18.7 30.6 27.6 -999.9 0.0 3.8 19.0 400.0 
kumpula 2021 6 21 172 20.7 31.8 26.4 -999.9 0.0 4.0 20.5 400.0 
kumpula 2021 6 22 173 22.5 30.1 26.0 -999.9 0.0 3.9 22.1 400.0 
kumpula 2021 6 23 174 18.4 29.4 17.2 -999.9 11.7 3.2 24.3 400.0 
kumpula 2021 6 24 175 17.2 24.7 15.4 -999.9 0.0 2.3 21.0 400.0 
kumpula 2021 6 25 176 16.7 24.9 25.5 -999.9 0.0 2.5 19.5 400.0 
kumpula 2021 6 26 177 17.6 25.6 28.2 -999.9 0.0 4.1 20.6 400.0 
kumpula 2021 6 27 178 17.7 26.4 20.7 -999.9 0.0 3.4 18.8 400.0 
kumpula 2021 6 28 179 15.1 26.8 27.4 -999.9 0.0 3.5 14.0 400.0 
kumpula 2021 6 29 180 17.0 27.5 29.6 -999.9 0.0 3.1 11.1 400.0 
kumpula 2021 6 30 181 15.6 27.4 16.6 -999.9 8.0 3.7 16.1 400.0 
kumpula 2021 7 1 182 17.8 27.6 25.4 -999.9 0.0 4.1 17.0 400.0 
kumpula 2021 7 2 183 16.7 24.9 28.4 -999.9 0.0 4.1 15.8 400.0 
kumpula 2021 7 3 184 14.6 27.3 29.6 -999.9 0.0 3.7 12.2 400.0 
kumpula 2021 7 4 185 15.5 26.7 29.7 -999.9 0.0 5.0 13.3 400.0 
kumpula 2021 7 5 186 17.4 27.3 28.1 -999.9 0.0 5.5 15.6 400.0 
kumpula 2021 7 6 187 21.2 27.6 17.6 -999.9 0.3 4.5 20.7 400.0 
kumpula 2021 7 7 188 20.4 28.6 23.6 -999.9 1.4 3.2 23.0 400.0 
kumpula 2021 7 8 189 20.6 26.1 15.6 -999.9 1.1 3.0 22.0 400.0 
kumpula 2021 7 9 190 17.0 26.5 19.0 -999.9 0.0 3.6 14.5 400.0 
kumpula 2021 7 10 191 20.8 30.3 25.1 -999.9 0.0 5.2 21.8 400.0 
kumpula 2021 7 11 192 21.8 27.5 27.8 -999.9 0.0 5.2 21.2 400.0 
kumpula 2021 7 12 193 17.3 27.5 27.5 -999.9 0.0 3.6 17.4 400.0 
kumpula 2021 7 13 194 18.0 29.7 27.1 -999.9 0.0 2.7 16.5 400.0 
kumpula 2021 7 14 195 20.7 32.0 26.7 -999.9 0.0 2.7 20.2 400.0 
kumpula 2021 7 15 196 20.0 32.0 26.4 -999.9 0.0 3.8 21.0 400.0 
kumpula 2021 7 16 197 21.5 30.4 18.7 -999.9 0.0 3.3 18.0 400.0 
kumpula 2021 7 17 198 15.9 27.5 27.4 -999.9 0.0 3.6 12.8 400.0 
kumpula 2021 7 18 199 17.6 27.0 23.7 -999.9 0.6 6.1 16.3 400.0 
kumpula 2021 7 19 200 13.7 23.6 24.5 -999.9 0.0 4.8 11.1 400.0 
kumpula 2021 7 20 201 12.2 22.5 16.7 -999.9 2.6 4.6 13.0 400.0 
kumpula 2021 7 21 202 11.0 22.3 18.2 -999.9 0.0 4.4 9.6 400.0 
kumpula 2021 7 22 203 11.5 25.9 20.8 -999.9 0.0 6.6 11.5 400.0 
kumpula 2021 7 23 204 12.5 23.5 19.9 -999.9 0.0 3.8 10.9 400.0 
kumpula 2021 7 24 205 11.3 22.8 24.6 -999.9 0.0 4.1 11.6 400.0 
kumpula 2021 7 25 206 13.3 25.5 25.8 -999.9 0.0 3.9 12.3 400.0 
kumpula 2021 7 26 207 16.1 29.1 25.5 -999.9 0.0 3.0 14.2 400.0 
kumpula 2021 7 27 208 17.9 28.9 25.1 -999.9 17.0 5.4 14.9 400.0 
kumpula 2021 7 28 209 18.5 25.2 8.6 -999.9 11.0 4.7 23.2 400.0 
kumpula 2021 7 29 210 18.6 24.8 21.2 -999.9 0.0 6.7 21.1 400.0 
kumpula 2021 7 30 211 14.1 20.3 9.0 -999.9 10.0 5.5 16.8 400.0 
kumpula 2021 7 31 212 13.4 22.5 18.6 -999.9 3.3 4.7 16.7 400.0 
kumpula 2021 8 1 213 15.3 21.7 20.8 -999.9 0.0 5.7 17.3 400.0 
kumpula 2021 8 2 214 15.2 22.4 19.6 -999.9 0.2 4.1 16.0 400.0 
kumpula 2021 8 3 215 14.4 20.3 13.3 -999.9 0.2 4.8 14.4 400.0 
kumpula 2021 8 4 216 9.1 20.1 16.7 -999.9 0.0 4.4 11.3 400.0 
kumpula 2021 8 5 217 8.0 21.3 25.2 -999.9 0.0 2.7 9.7 400.0 
kumpula 2021 8 6 218 10.3 22.7 24.3 -999.9 0.0 5.7 10.5 400.0 
kumpula 2021 8 7 219 14.3 19.4 4.9 -999.9 13.0 6.1 16.1 400.0 
kumpula 2021 8 8 220 15.8 21.2 14.8 -999.9 4.0 3.7 17.8 400.0 
kumpula 2021 8 9 221 15.1 22.1 14.4 -999.9 0.8 4.0 19.0 400.0 
kumpula 2021 8 10 222 15.4 21.8 18.3 -999.9 0.0 4.5 17.7 400.0 
kumpula 2021 8 11 223 12.6 21.9 16.6 -999.9 0.0 2.9 15.5 400.0 
kumpula 2021 8 12 224 15.4 22.1 11.2 -999.9 0.0 3.0 17.5 400.0 
kumpula 2021 8 13 225 13.2 24.6 20.8 -999.9 4.8 5.1 16.7 400.0 
kumpula 2021 8 14 226 16.3 21.2 18.4 -999.9 5.2 6.5 17.5 400.0 
kumpula 2021 8 15 227 12.8 19.1 17.7 -999.9 0.2 6.4 15.2 400.0 
kumpula 2021 8 16 228 13.1 21.6 14.2 -999.9 14.5 4.7 16.2 400.0 
kumpula 2021 8 17 229 15.4 19.9 6.8 -999.9 7.9 5.5 18.4 400.0 
kumpula 2021 8 18 230 14.1 18.2 8.2 -999.9 12.4 7.9 16.0 400.0 
kumpula 2021 8 19 231 12.9 17.4 12.2 -999.9 12.0 6.4 15.3 400.0 
kumpula 2021 8 20 232 13.6 19.0 18.5 -999.9 0.0 5.1 14.0 400.0 
kumpula 2021 8 21 233 12.0 20.0 13.2 -999.9 11.7 3.3 15.8 400.0 
kumpula 2021 8 22 234 10.9 17.8 11.3 -999.9 0.0 4.6 13.0 400.0 
kumpula 2021 8 23 235 11.0 15.8 14.2 -999.9 0.0 5.1 10.1 400.0 
kumpula 2021 8 24 236 8.8 15.2 13.2 -999.9 9.6 4.4 10.2 400.0 
kumpula 2021 8 25 237 10.7 12.7 1.2 -999.9 30.5 8.5 12.7 400.0 
kumpula 2021 8 26 238 12.1 15.8 3.3 -999.9 5.4 7.5 14.5 400.0 
kumpula 2021 8 27 239 12.2 14.6 2.9 -999.9 0.0 6.2 13.7 400.0 
kumpula 2021 8 28 240 13.3 20.9 10.3 -999.9 0.0 5.2 16.0 400.0 
kumpula 2021 8 29 241 12.5 20.1 12.4 -999.9 0.0 4.2 13.5 400.0 
kumpula 2021 8 30 242 11.6 20.7 16.7 -999.9 0.0 3.7 12.7 400.0 
kumpula 2021 8 31 243 8.8 20.7 18.6 -999.9 0.0 3.5 11.4 400.0 
kumpula 2021 9 1 244 9.7 16.6 13.9 -999.9 0.0 4.9 10.5 400.0 
kumpula 2021 9 2 245 6.3 15.1 10.8 -999.9 1.3 5.7 9.3 400.0 
kumpula 2021 9 3 246 6.7 14.4 16.4 -999.9 1.4 5.8 9.3 400.0 
kumpula 2021 9 4 247 5.2 14.1 17.4 -999.9 0.0 4.1 7.8 400.0 
kumpula 2021 9 5 248 2.8 14.2 12.9 -999.9 0.1 4.1 7.3 400.0 
kumpula 2021 9 6 249 9.5 17.2 8.7 -999.9 0.0 2.7 11.9 400.0 
kumpula 2021 9 7 250 5.3 15.6 8.5 -999.9 0.1 4.5 11.0 400.0 
kumpula 2021 9 8 251 12.3 17.7 7.1 -999.9 0.0 4.7 15.6 400.0 
kumpula 2021 9 9 252 12.2 20.3 10.8 -999.9 0.0 4.1 16.3 400.0 
kumpula 2021 9 10 253 10.3 15.3 15.5 -999.9 0.0 3.5 12.4 400.0 
kumpula 2021 9 11 254 12.4 17.1 5.3 -999.9 2.4 2.6 15.6 400.0 
kumpula 2021 9 12 255 12.5 15.5 1.8 -999.9 13.6 4.0 15.8 400.0 
kumpula 2021 9 13 256 9.3 15.4 10.3 -999.9 0.5 6.5 10.7 400.0 
kumpula 2021 9 14 257 7.5 13.3 13.3 -999.9 0.0 6.2 7.8 400.0 
kumpula 2021 9 15 258 4.3 10.3 10.6 -999.9 0.0 3.5 7.4 400.0 
kumpula 2021 9 16 259 6.8 10.1 9.2 -999.9 0.0 3.6 7.3 400.0 
kumpula 2021 9 17 260 6.2 11.0 6.9 -999.9 0.4 5.2 7.4 400.0 
kumpula 2021 9 18 261 6.5 11.1 8.4 -999.9 0.3 4.7 8.6 400.0 
kumpula 2021 9 19 262 7.5 10.3 5.8 -999.9 0.0 5.6 7.5 400.0 
kumpula 2021 9 20 263 6.4 10.3 10.1 -999.9 0.0 5.3 7.2 400.0 
kumpula 2021 9 21 264 4.5 8.8 6.1 -999.9 0.0 3.2 7.8 400.0 
kumpula 2021 9 22 265 0.8 11.3 9.4 -999.9 0.0 2.3 7.7 400.0 
kumpula 2021 9 23 266 3.9 10.8 5.9 -999.9 17.1 7.1 8.3 400.0 
kumpula 2021 9 24 267 7.7 9.3 1.0 -999.9 4.6 6.1 10.1 400.0 
kumpula 2021 9 25 268 7.7 14.1 4.7 -999.9 0.0 3.5 11.5 400.0 
kumpula 2021 9 26 269 6.8 15.4 12.1 -999.9 0.0 3.2 9.9 400.0 
kumpula 2021 9 27 270 3.4 13.2 11.7 -999.9 0.0 2.6 9.7 400.0 
kumpula 2021 9 28 271 4.4 11.8 5.4 -999.9 0.0 4.2 9.4 400.0 
kumpula 2021 9 29 272 7.9 11.0 2.6 -999.9 0.0 3.8 10.0 400.0 
kumpula 2021 9 30 273 9.4 10.6 5.7 -999.9 1.0 5.3 9.0 400.0 
kumpula 2021 10 1 274 8.1 11.0 1.6 -999.9 0.3 4.3 10.8 400.0 
kumpula 2021 10 2 275 9.4 12.9 5.8 -999.9 0.0 4.6 10.8 400.0 
kumpula 2021 10 3 276 8.8 13.2 9.1 -999.9 0.0 6.5 10.7 400.0 
kumpula 2021 10 4 277 8.9 14.4 7.1 -999.9 0.0 6.7 10.3 400.0 
kumpula 2021 10 5 278 9.6 12.7 0.7 -999.9 5.3 5.2 11.2 400.0 
kumpula 2021 10 6 279 10.3 13.9 6.7 -999.9 0.0 5.6 10.0 400.0 
kumpula 2021 10 7 280 9.8 13.2 3.7 -999.9 0.5 6.3 11.4 400.0 
kumpula 2021 10 8 281 10.5 12.7 3.8 -999.9 0.2 4.5 12.2 400.0 
kumpula 2021 10 9 282 10.9 13.4 2.8 -999.9 0.5 4.1 13.4 400.0 
kumpula 2021 10 10 283 10.4 12.2 1.7 -999.9 0.7 7.2 12.1 400.0 
kumpula 2021 10 11 284 8.4 12.2 5.5 -999.9 15.0 7.6 10.3 400.0 
kumpula 2021 10 12 285 6.9 11.2 3.3 -999.9 3.8 2.3 10.5 400.0 
kumpula 2021 10 13 286 4.6 10.2 3.4 -999.9 0.0 2.1 9.4 400.0 
kumpula 2021 10 14 287 1.5 9.6 5.4 -999.9 0.2 4.7 7.4 400.0 
kumpula 2021 10 15 288 7.6 10.1 1.0 -999.9 5.0 7.7 10.2 400.0 
kumpula 2021 10 16 289 3.1 9.7 7.6 -999.9 0.3 6.7 7.1 400.0 
kumpula 2021 10 17 290 2.9 9.4 6.5 -999.9 0.0 6.2 6.8 400.0 
kumpula 2021 10 18 291 2.1 7.2 4.9 -999.9 0.0 6.1 6.2 400.0 
kumpula 2021 10 19 292 -2.1 6.1 6.5 -999.9 2.1 3.8 5.0 400.0 
kumpula 2021 10 20 293 4.5 11.1 0.5 -999.9 20.6 7.0 9.9 400.0 
kumpula 2021 10 21 294 9.2 12.4 3.7 -999.9 12.0 6.0 11.7 400.0 
kumpula 2021 10 22 295 4.6 10.7 1.4 -999.9 3.5 9.3 9.3 400.0 
kumpula 2021 10 23 296 0.6 4.7 2.6 -999.9 0.2 4.9 6.3 400.0 
kumpula 2021 10 24 297 -3.5 5.8 3.2 -999.9 2.5 4.0 5.6 400.0 
kumpula 2021 10 25 298 5.8 10.6 3.0 -999.9 0.0 6.7 8.9 400.0 
kumpula 2021 10 26 299 6.1 9.5 1.5 -999.9 2.1 4.9 9.6 400.0 
kumpula 2021 10 27 300 6.2 9.3 1.8 -999.9 7.5 4.9 9.9 400.0 
kumpula 2021 10 28 301 4.3 10.6 1.7 -999.9 1.8 4.7 10.0 400.0 
kumpula 2021 10 29 302 8.3 10.9 1.3 -999.9 0.0 6.5 11.0 400.0 
kumpula 2021 10 30 303 7.3 9.4 1.2 -999.9 0.0 4.2 9.7 400.0 
kumpula 2021 10 31 304 7.1 9.6 1.4 -999.9 0.0 4.4 10.0 400.0 
kumpula 2021 11 1 305 7.2 10.4 2.8 -999.9 0.0 4.5 10.2 400.0 
kumpula 2021 11 2 306 6.0 8.4 3.7 -999.9 0.0 5.8 8.8 400.0 
kumpula 2021 11 3 307 6.4 7.8 0.2 -999.9 5.9 5.7 9.1 400.0 
kumpula 2021 11 4 308 7.0 9.4 2.0 -999.9 6.6 4.2 10.0 400.0 
kumpula 2021 11 5 309 5.1 8.7 0.2 -999.9 9.8 4.9 9.5 400.0 
kumpula 2021 11 6 310 2.3 7.7 2.5 -999.9 0.6 4.1 8.0 400.0 
kumpula 2021 11 7 311 1.3 4.2 0.8 -999.9 3.5 4.1 6.8 400.0 
kumpula 2021 11 8 312 -1.5 2.8 2.8 -999.9 0.0 5.8 4.8 400.0 
kumpula 2021 11 9 313 -5.7 4.9 1.9 -999.9 5.1 5.3 5.3 400.0 
kumpula 2021 11 10 314 4.1 9.1 0.8 -999.9 2.5 6.6 9.4 400.0 
kumpula 2021 11 11 315 2.9 9.1 2.1 -999.9 0.0 5.0 8.6 400.0 
kumpula 2021 11 12 316 4.4 7.5 2.2 -999.9 0.0 5.6 7.3 400.0 
kumpula 2021 11 13 317 -1.1 5.5 1.2 -999.9 0.0 2.1 6.3 400.0 
kumpula 2021 11 14 318 -2.1 3.5 2.7 -999.9 0.0 2.2 5.8 400.0 
kumpula 2021 11 15 319 -3.6 3.7 1.0 -999.9 0.0 5.0 5.7 400.0 
kumpula 2021 11 16 320 3.6 6.6 0.4 -999.9 0.9 4.6 7.4 400.0 
kumpula 2021 11 17 321 4.8 6.2 0.3 -999.9 3.3 5.3 8.6 400.0 
kumpula 2021 11 18 322 1.6 5.8 0.7 -999.9 2.7 5.6 7.4 400.0 
kumpula 2021 11 19 323 0.2 3.9 0.8 -999.9 2.1 3.2 6.7 400.0 
kumpula 2021 11 20 324 1.3 5.3 1.6 -999.9 0.0 6.6 6.4 400.0 
kumpula 2021 11 21 325 -1.5 2.9 0.7 -999.9 0.0 4.2 5.1 400.0 
kumpula 2021 11 22 326 -5.4 0.0 2.1 -999.9 1.2 4.1 4.0 400.0 
kumpula 2021 11 23 327 -1.6 2.8 0.6 -999.9 0.4 4.0 5.9 400.0 
kumpula 2021 11 24 328 -2.0 4.8 1.6 -999.9 1.6 4.7 5.8 400.0 
kumpula 2021 11 25 329 -0.2 6.5 0.7 -999.9 3.2 3.9 7.2 400.0 
kumpula 2021 11 26 330 -4.5 3.5 0.9 -999.9 0.0 3.4 5.1 400.0 
kumpula 2021 11 27 331 -8.2 -4.4 1.4 -999.9 0.0 4.8 3.3 400.0 
kumpula 2021 11 28 332 -7.3 -5.6 0.4 -999.9 0.0 4.8 3.0 400.0 
kumpula 2021 11 29 333 -6.5 -4.5 0.2 -999.9 0.7 6.3 3.2 400.0 
kumpula 2021 11 30 334 -9.8 -5.7 1.6 -999.9 0.1 5.3 2.8 400.0 
kumpula 2021 12 1 335 -10.4 -4.5 0.7 -999.9 0.0 4.4 2.8 400.0 
kumpula 2021 12 2 336 -11.3 -6.7 0.7 -999.9 0.0 4.5 2.5 400.0 
kumpula 2021 12 3 337 -12.0 -7.3 0.7 -999.9 0.3 4.1 2.5 400.0 
kumpula 2021 12 4 338 -12.3 -4.6 0.6 -999.9 0.0 4.1 2.6 400.0 
kumpula 2021 12 5 339 -16.8 -11.1 1.5 -999.9 0.0 5.1 1.7 400.0 
kumpula 2021 12 6 340 -16.9 -10.6 0.6 -999.9 0.0 4.1 1.7 400.0 
kumpula 2021 12 7 341 -16.0 -12.5 1.2 -999.9 0.0 2.9 1.7 400.0 
kumpula 2021 12 8 342 -18.0 -13.8 1.2 -999.9 0.0 2.3 1.5 400.0 
kumpula 2021 12 9 343 -14.5 -3.5 0.1 -999.9 0.0 5.2 2.6 400.0 
kumpula 2021 12 10 344 -4.8 -0.9 0.0 -999.9 3.2 9.4 4.5 400.0 
kumpula 2021 12 11 345 -1.0 0.7 0.1 -999.9 4.8 6.1 5.8 400.0 
kumpula 2021 12 12 346 0.6 1.8 0.2 -999.9 0.1 1.4 6.6 400.0 
kumpula 2021 12 13 347 0.0 1.9 0.2 -999.9 2.1 3.8 6.5 400.0 
kumpula 2021 12 14 348 1.6 3.3 0.1 -999.9 7.0 5.9 7.1 400.0 
kumpula 2021 12 15 349 0.0 4.5 0.2 -999.9 0.5 5.1 7.0 400.0 
kumpula 2021 12 16 350 2.1 4.5 0.7 -999.9 0.0 5.3 7.0 400.0 
kumpula 2021 12 17 351 -0.3 3.3 1.0 -999.9 1.1 4.6 6.0 400.0 
kumpula 2021 12 18 352 -1.0 4.0 0.2 -999.9 0.7 4.5 6.5 400.0 
kumpula 2021 12 19 353 -1.6 4.1 0.3 -999.9 0.1 5.9 5.2 400.0 
kumpula 2021 12 20 354 -10.3 -1.6 1.2 -999.9 0.0 5.9 2.7 400.0 
kumpula 2021 12 21 355 -12.9 -7.7 1.3 -999.9 0.0 3.6 2.1 400.0 
kumpula 2021 12 22 356 -13.3 -8.8 0.7 -999.9 0.6 3.1 2.3 400.0 
kumpula 2021 12 23 357 -11.6 -0.7 0.2 -999.9 3.6 6.9 3.4 400.0 
kumpula 2021 12 24 358 -13.5 -0.8 0.8 -999.9 0.0 3.9 3.0 400.0 
kumpula 2021 12 25 359 -16.1 -8.0 1.0 -999.9 0.0 4.6 2.1 400.0 
kumpula 2021 12 26 360 -16.9 -7.6 1.2 -999.9 0.0 4.9 2.0 400.0 
kumpula 2021 12 27 361 -15.1 -10.0 1.0 -999.9 0.0 2.1 2.1 400.0 
kumpula 2021 12 28 362 -16.9 -1.3 0.4 -999.9 0.0 4.7 2.7 400.0 
kumpula 2021 12 29 363 -5.2 -2.5 0.3 -999.9 4.0 5.7 4.0 400.0 
kumpula 2021 12 30 364 -3.6 -1.9 0.1 -999.9 5.3 5.4 4.6 400.0 
kumpula 2021 12 31 365 -1.9 2.2 0.7 -999.9 0.3 4.1 5.6 400.0 
kumpula 2022 1 1 1 -9.4 -0.9 1.2 -999.9 0.0 4.4 3.6 400.0 
kumpula 2022 1 2 2 -11.1 -2.9 0.3 -999.9 4.6 4.7 3.3 400.0 
kumpula 2022 1 3 3 -3.2 -1.6 0.2 -999.9 3.7 4.3 5.0 400.0 
kumpula 2022 1 4 4 -1.7 2.3 0.4 -999.9 4.9 5.1 6.1 400.0 
kumpula 2022 1 5 5 -1.4 0.7 0.5 -999.9 10.4 2.6 5.8 400.0 
kumpula 2022 1 6 6 -9.1 -0.3 1.2 -999.9 0.0 5.4 3.8 400.0 
kumpula 2022 1 7 7 -10.2 -6.2 1.4 -999.9 0.0 4.7 2.8 400.0 
kumpula 2022 1 8 8 -12.9 -3.0 0.4 -999.9 3.9 4.1 3.1 400.0 
kumpula 2022 1 9 9 -5.5 -1.7 0.4 -999.9 0.0 3.2 4.4 400.0 
kumpula 2022 1 10 10 -14.4 -5.4 1.7 -999.9 0.0 2.9 2.5 400.0 
kumpula 2022 1 11 11 -18.3 -5.4 0.5 -999.9 0.4 3.0 2.2 400.0 
kumpula 2022 1 12 12 -5.5 1.6 0.2 -999.9 0.5 7.7 5.0 400.0 
kumpula 2022 1 13 13 1.1 6.5 1.3 -999.9 0.0 7.7 6.6 400.0 
kumpula 2022 1 14 14 0.8 6.1 0.9 -999.9 0.0 8.4 5.3 400.0 
kumpula 2022 1 15 15 -3.0 2.6 1.7 -999.9 0.0 5.7 4.4 400.0 
kumpula 2022 1 16 16 -3.3 2.4 0.5 -999.9 6.1 6.2 5.5 400.0 
kumpula 2022 1 17 17 -4.2 1.9 2.5 -999.9 3.1 6.6 4.7 400.0 
kumpula 2022 1 18 18 -6.9 0.5 1.4 -999.9 0.0 4.6 3.9 400.0 
kumpula 2022 1 19 19 -1.9 2.9 0.5 -999.9 5.5 6.8 5.9 400.0 
kumpula 2022 1 20 20 -1.1 2.9 0.3 -999.9 8.6 6.2 6.1 400.0 
kumpula 2022 1 21 21 -2.8 -1.1 0.6 -999.9 0.6 7.4 4.2 400.0 
kumpula 2022 1 22 22 -9.0 -2.3 1.9 -999.9 0.2 3.4 3.5 400.0 
kumpula 2022 1 23 23 -9.9 1.4 0.5 -999.9 4.0 4.6 4.3 400.0 
kumpula 2022 1 24 24 1.1 2.5 0.5 -999.9 0.6 7.1 6.7 400.0 
kumpula 2022 1 25 25 -3.7 2.5 2.6 -999.9 0.0 4.2 5.0 400.0 
kumpula 2022 1 26 26 -6.0 0.4 0.6 -999.9 4.4 5.4 4.7 400.0 
kumpula 2022 1 27 27 0.1 1.3 0.3 -999.9 9.2 4.0 6.3 400.0 
kumpula 2022 1 28 28 -2.2 0.5 1.0 -999.9 0.2 4.5 5.2 400.0 
kumpula 2022 1 29 29 -7.4 0.6 1.1 -999.9 23.5 7.6 4.4 400.0 
kumpula 2022 1 30 30 -3.4 -0.1 1.5 -999.9 6.3 6.3 5.1 400.0 
kumpula 2022 1 31 31 -5.7 -3.4 1.5 -999.9 1.6 4.8 3.9 400.0 
kumpula 2022 2 1 32 -9.3 -5.4 1.8 -999.9 0.3 2.5 3.1 400.0 
kumpula 2022 2 2 33 -9.9 -5.9 2.3 -999.9 0.0 2.1 3.0 400.0 
kumpula 2022 2 3 34 -11.7 -6.6 2.4 -999.9 0.2 1.7 2.8 400.0 
kumpula 2022 2 4 35 -8.9 -2.4 2.3 -999.9 14.5 6.8 3.6 400.0 
kumpula 2022 2 5 36 -3.1 0.5 0.8 -999.9 8.0 5.6 5.3 400.0 
kumpula 2022 2 6 37 -2.3 1.5 0.8 -999.9 4.0 6.2 5.7 400.0 
kumpula 2022 2 7 38 -0.4 1.4 0.9 -999.9 0.1 2.7 5.9 400.0 
kumpula 2022 2 8 39 -3.0 0.6 1.8 -999.9 4.0 4.3 5.2 400.0 
kumpula 2022 2 9 40 -3.7 1.8 2.8 -999.9 2.2 5.3 5.4 400.0 
kumpula 2022 2 10 41 -1.9 2.6 3.7 -999.9 0.0 5.2 5.2 400.0 
kumpula 2022 2 11 42 -4.8 1.3 4.9 -999.9 0.0 5.2 4.4 400.0 
kumpula 2022 2 12 43 -5.9 1.7 4.5 -999.9 1.0 5.6 4.1 400.0 
kumpula 2022 2 13 44 0.2 2.1 1.0 -999.9 3.5 8.2 6.2 400.0 
kumpula 2022 2 14 45 0.2 2.0 0.6 -999.9 9.1 6.4 6.4 400.0 
kumpula 2022 2 15 46 0.4 2.1 1.1 -999.9 8.6 5.5 6.3 400.0 
kumpula 2022 2 16 47 1.3 2.2 1.4 -999.9 9.2 6.3 6.3 400.0 
kumpula 2022 2 17 48 0.0 2.8 0.7 -999.9 19.3 6.0 6.6 400.0 
kumpula 2022 2 18 49 -1.9 0.6 2.9 -999.9 0.0 6.4 4.9 400.0 
kumpula 2022 2 19 50 -2.2 1.1 1.4 -999.9 0.9 4.6 5.4 400.0 
kumpula 2022 2 20 51 -3.5 1.6 3.9 -999.9 0.0 2.4 4.9 400.0 
kumpula 2022 2 21 52 -3.6 -0.2 2.2 -999.9 35.4 8.3 4.7 400.0 
kumpula 2022 2 22 53 -5.4 0.1 2.9 -999.9 1.4 4.6 4.7 400.0 
kumpula 2022 2 23 54 -13.4 -4.3 5.2 -999.9 0.0 3.0 2.8 400.0 
kumpula 2022 2 24 55 -5.4 2.8 2.0 -999.9 0.3 8.4 4.9 400.0 
kumpula 2022 2 25 56 0.4 2.9 0.9 -999.9 5.5 6.0 6.3 400.0 
kumpula 2022 2 26 57 -3.4 1.7 8.0 -999.9 0.0 3.9 4.6 400.0 
kumpula 2022 2 27 58 -7.1 2.6 8.0 -999.9 0.0 5.5 4.5 400.0 
kumpula 2022 2 28 59 -1.7 5.5 8.5 -999.9 0.0 4.1 6.0 400.0 
kumpula 2022 3 1 60 -1.5 3.8 8.8 -999.9 0.0 5.9 5.8 400.0 
kumpula 2022 3 2 61 -0.5 2.9 4.3 -999.9 0.0 4.2 6.0 400.0 
kumpula 2022 3 3 62 -3.6 5.1 8.5 -999.9 0.0 4.0 4.5 400.0 
kumpula 2022 3 4 63 -5.6 1.9 10.0 -999.9 0.0 3.3 3.4 400.0 
kumpula 2022 3 5 64 -8.9 1.5 9.6 -999.9 0.0 4.0 3.9 400.0 
kumpula 2022 3 6 65 -3.5 4.7 10.0 -999.9 0.0 5.1 4.9 400.0 
kumpula 2022 3 7 66 -2.7 1.2 3.7 -999.9 1.0 3.7 4.2 400.0 
kumpula 2022 3 8 67 -3.9 -1.9 3.5 -999.9 5.4 4.7 4.5 400.0 
kumpula 2022 3 9 68 -5.1 -1.7 7.1 -999.9 0.0 4.5 3.5 400.0 
kumpula 2022 3 10 69 -4.8 1.2 9.1 -999.9 0.0 5.8 3.8 400.0 
kumpula 2022 3 11 70 -0.8 5.2 8.1 -999.9 0.0 4.7 5.7 400.0 
kumpula 2022 3 12 71 -2.8 6.5 10.9 -999.9 0.0 1.7 5.5 400.0 
kumpula 2022 3 13 72 -4.8 7.5 11.3 -999.9 0.0 2.8 4.5 400.0 
kumpula 2022 3 14 73 -2.1 10.5 12.2 -999.9 0.0 3.0 3.8 400.0 
kumpula 2022 3 15 74 -4.5 8.6 11.6 -999.9 0.0 2.1 5.0 400.0 
kumpula 2022 3 16 75 -4.0 6.1 12.6 -999.9 0.0 2.9 4.9 400.0 
kumpula 2022 3 17 76 -4.5 7.5 12.5 -999.9 0.0 2.7 4.8 400.0 
kumpula 2022 3 18 77 -0.2 5.2 10.3 -999.9 0.0 4.4 5.4 400.0 
kumpula 2022 3 19 78 -0.1 6.2 11.7 -999.9 0.0 3.6 6.3 400.0 
kumpula 2022 3 20 79 -0.9 14.9 13.6 -999.9 0.0 3.3 6.2 400.0 
kumpula 2022 3 21 80 0.3 11.4 14.0 -999.9 0.0 4.2 5.7 400.0 
kumpula 2022 3 22 81 -1.8 7.8 13.7 -999.9 0.0 4.1 5.5 400.0 
kumpula 2022 3 23 82 -0.3 7.1 10.9 -999.9 0.0 3.3 6.0 400.0 
kumpula 2022 3 24 83 -0.8 11.0 9.8 -999.9 0.6 4.1 6.3 400.0 
kumpula 2022 3 25 84 2.8 6.5 5.2 -999.9 0.3 4.7 6.7 400.0 
kumpula 2022 3 26 85 -1.7 6.5 6.3 -999.9 0.2 8.2 4.4 400.0 
kumpula 2022 3 27 86 -5.4 1.0 12.5 -999.9 4.8 5.4 3.2 400.0 
kumpula 2022 3 28 87 -2.0 6.8 10.6 -999.9 0.0 6.9 5.0 400.0 
kumpula 2022 3 29 88 -4.8 0.2 11.8 -999.9 0.0 3.5 2.8 400.0 
kumpula 2022 3 30 89 -6.6 1.7 10.2 -999.9 2.2 4.9 3.9 400.0 
kumpula 2022 3 31 90 -7.8 2.6 11.9 -999.9 0.4 2.6 3.8 400.0 
kumpula 2022 4 1 91 -6.7 3.6 16.7 -999.9 0.0 2.4 3.7 400.0 
kumpula 2022 4 2 92 -6.5 2.9 17.8 -999.9 0.0 3.2 3.1 400.0 
kumpula 2022 4 3 93 -3.6 5.3 14.8 -999.9 0.0 4.2 4.4 400.0 
kumpula 2022 4 4 94 0.1 3.1 4.5 -999.9 12.0 6.4 6.3 400.0 
kumpula 2022 4 5 95 -2.9 1.9 4.3 -999.9 6.7 8.1 5.3 400.0 
kumpula 2022 4 6 96 -5.3 2.0 12.2 -999.9 0.1 5.5 3.9 400.0 
kumpula 2022 4 7 97 -0.4 1.6 5.0 -999.9 7.7 5.2 5.7 400.0 
kumpula 2022 4 8 98 0.7 6.9 6.0 -999.9 1.5 6.5 7.2 400.0 
kumpula 2022 4 9 99 -0.2 5.3 17.7 -999.9 3.0 6.8 6.0 400.0 
kumpula 2022 4 10 100 0.3 5.3 13.8 -999.9 0.0 7.1 6.3 400.0 
kumpula 2022 4 11 101 1.4 9.4 19.8 -999.9 0.0 4.8 5.7 400.0 
kumpula 2022 4 12 102 -0.8 8.5 15.4 -999.9 0.0 3.2 5.9 400.0 
kumpula 2022 4 13 103 -1.4 10.8 18.1 -999.9 0.0 3.0 5.0 400.0 
kumpula 2022 4 14 104 1.7 5.1 3.6 -999.9 2.3 2.2 6.8 400.0 
kumpula 2022 4 15 105 1.2 7.9 17.5 -999.9 0.0 5.0 5.5 400.0 
kumpula 2022 4 16 106 -0.5 8.5 17.1 -999.9 0.0 3.4 4.4 400.0 
kumpula 2022 4 17 107 -1.5 10.7 19.2 -999.9 0.0 3.6 5.3 400.0 
kumpula 2022 4 18 108 1.9 14.6 17.5 -999.9 0.0 1.9 7.4 400.0 
kumpula 2022 4 19 109 2.2 13.0 21.1 -999.9 0.0 2.9 6.3 400.0 
kumpula 2022 4 20 110 2.8 15.0 21.3 -999.9 0.0 5.2 6.4 400.0 
kumpula 2022 4 21 111 5.7 13.9 22.0 -999.9 0.0 4.7 6.6 400.0 
kumpula 2022 4 22 112 2.7 15.1 21.9 -999.9 0.0 2.8 5.8 400.0 
kumpula 2022 4 23 113 3.8 12.3 17.9 -999.9 0.0 5.3 6.2 400.0 
kumpula 2022 4 24 114 2.2 11.9 18.9 -999.9 0.0 5.9 5.6 400.0 
kumpula 2022 4 25 115 3.3 13.5 13.6 -999.9 0.0 3.4 6.5 400.0 
kumpula 2022 4 26 116 2.0 11.3 25.2 -999.9 0.0 4.8 4.7 400.0 
kumpula 2022 4 27 117 -1.6 7.7 16.7 -999.9 0.0 4.1 3.4 400.0 
kumpula 2022 4 28 118 -2.5 6.6 16.7 -999.9 1.4 4.7 4.8 400.0 
kumpula 2022 4 29 119 -1.1 8.5 17.7 -999.9 0.0 3.3 4.5 400.0 
kumpula 2022 4 30 120 -2.3 9.0 20.3 -999.9 0.0 5.1 4.8 400.0 
kumpula 2022 5 1 121 2.8 11.3 16.1 -999.9 0.4 3.6 6.8 400.0 
kumpula 2022 5 2 122 1.5 12.8 17.6 -999.9 0.0 6.6 6.7 400.0 
kumpula 2022 5 3 123 3.4 9.1 12.2 -999.9 0.0 5.2 5.0 400.0 
kumpula 2022 5 4 124 -1.6 10.7 17.6 -999.9 0.0 4.1 4.2 400.0 
kumpula 2022 5 5 125 4.0 13.7 13.9 -999.9 0.0 4.5 6.3 400.0 
kumpula 2022 5 6 126 4.6 17.4 24.7 -999.9 0.0 4.2 9.3 400.0 
kumpula 2022 5 7 127 5.3 11.6 10.9 -999.9 1.8 5.3 9.7 400.0 
kumpula 2022 5 8 128 1.9 11.8 20.3 -999.9 0.0 4.8 5.4 400.0 
kumpula 2022 5 9 129 1.1 13.4 19.9 -999.9 0.0 5.0 6.0 400.0 
kumpula 2022 5 10 130 4.5 15.0 20.3 -999.9 8.2 6.8 6.3 400.0 
kumpula 2022 5 11 131 6.9 12.3 14.0 -999.9 0.3 6.1 9.8 400.0 
kumpula 2022 5 12 132 6.9 14.0 12.6 -999.9 0.3 5.5 10.2 400.0 
kumpula 2022 5 13 133 6.1 17.4 22.2 -999.9 0.9 4.8 9.3 400.0 
kumpula 2022 5 14 134 4.6 15.7 19.6 -999.9 0.0 3.7 9.6 400.0 
kumpula 2022 5 15 135 4.9 15.3 20.6 -999.9 0.0 5.5 6.7 400.0 
kumpula 2022 5 16 136 6.4 16.3 19.4 -999.9 1.2 4.8 7.0 400.0 
kumpula 2022 5 17 137 3.6 12.2 14.1 -999.9 0.0 4.6 6.3 400.0 
kumpula 2022 5 18 138 4.7 19.6 27.4 -999.9 0.0 5.7 7.3 400.0 
kumpula 2022 5 19 139 7.8 14.6 24.1 -999.9 0.0 3.7 7.9 400.0 
kumpula 2022 5 20 140 6.3 12.0 14.7 -999.9 0.0 5.4 6.3 400.0 
kumpula 2022 5 21 141 4.7 14.3 27.3 -999.9 0.0 6.2 5.4 400.0 
kumpula 2022 5 22 142 6.4 13.9 27.0 -999.9 0.0 3.8 5.3 400.0 
kumpula 2022 5 23 143 5.6 20.1 28.3 -999.9 0.0 4.3 5.7 400.0 
kumpula 2022 5 24 144 7.1 20.5 28.4 -999.9 0.0 2.8 6.1 400.0 
kumpula 2022 5 25 145 8.0 18.9 23.6 -999.9 10.5 3.2 8.5 400.0 
kumpula 2022 5 26 146 9.0 15.1 8.9 -999.9 6.4 2.1 13.3 400.0 
kumpula 2022 5 27 147 8.3 11.5 7.3 -999.9 10.6 2.3 11.6 400.0 
kumpula 2022 5 28 148 8.1 13.8 12.6 -999.9 3.8 1.6 11.9 400.0 
kumpula 2022 5 29 149 8.2 15.8 19.9 -999.9 0.0 3.5 11.4 400.0 
kumpula 2022 5 30 150 6.4 18.8 28.4 -999.9 2.5 3.0 9.2 400.0 
kumpula 2022 5 31 151 9.9 14.7 6.6 -999.9 3.8 7.5 12.4 400.0 
kumpula 2022 6 1 152 8.9 18.0 23.3 -999.9 10.5 5.5 10.5 400.0 
kumpula 2022 6 2 153 9.8 15.6 3.5 -999.9 14.2 7.2 13.7 400.0 
kumpula 2022 6 3 154 8.8 17.3 26.0 -999.9 0.0 6.9 12.6 400.0 
kumpula 2022 6 4 155 10.1 18.7 20.8 -999.9 0.4 4.5 13.1 400.0 
kumpula 2022 6 5 156 10.8 19.2 21.6 -999.9 0.0 4.2 11.3 400.0 
kumpula 2022 6 6 157 7.4 18.5 30.3 -999.9 0.0 3.9 7.7 400.0 
kumpula 2022 6 7 158 8.8 19.7 30.1 -999.9 2.3 3.4 7.7 400.0 
kumpula 2022 6 8 159 12.3 19.6 17.3 -999.9 0.0 4.4 13.9 400.0 
kumpula 2022 6 9 160 11.8 20.6 29.0 -999.9 0.0 5.2 14.2 400.0 
kumpula 2022 6 10 161 11.6 21.6 23.0 -999.9 0.0 2.9 13.7 400.0 
kumpula 2022 6 11 162 13.9 23.0 27.7 -999.9 0.0 4.0 14.7 400.0 
kumpula 2022 6 12 163 12.5 21.8 27.9 -999.9 0.0 5.5 14.2 400.0 
kumpula 2022 6 13 164 12.2 18.6 29.9 -999.9 0.0 6.2 13.7 400.0 
kumpula 2022 6 14 165 11.1 19.6 20.2 -999.9 0.1 3.6 12.6 400.0 
kumpula 2022 6 15 166 13.0 22.6 31.5 -999.9 0.0 6.2 10.7 400.0 
kumpula 2022 6 16 167 11.4 22.1 23.5 -999.9 0.0 4.9 10.4 400.0 
kumpula 2022 6 17 168 12.2 22.9 23.5 -999.9 0.1 3.9 12.2 400.0 
kumpula 2022 6 18 169 12.7 16.1 5.0 -999.9 9.7 4.3 15.4 400.0 
kumpula 2022 6 19 170 13.1 19.9 26.6 -999.9 0.0 6.2 11.9 400.0 
kumpula 2022 6 20 171 11.4 16.8 12.4 -999.9 2.4 2.1 13.5 400.0 
kumpula 2022 6 21 172 9.4 19.6 25.0 -999.9 0.0 2.9 12.5 400.0 
kumpula 2022 6 22 173 11.6 22.3 27.2 -999.9 0.0 3.9 11.1 400.0 
kumpula 2022 6 23 174 14.7 22.3 25.5 -999.9 0.0 5.6 15.3 400.0 
kumpula 2022 6 24 175 13.8 24.4 27.3 -999.9 0.0 4.0 15.9 400.0 
kumpula 2022 6 25 176 14.8 26.6 29.3 -999.9 0.0 2.1 14.8 400.0 
kumpula 2022 6 26 177 16.5 31.2 28.7 -999.9 0.0 2.8 16.5 400.0 
kumpula 2022 6 27 178 19.3 31.0 27.8 -999.9 0.0 2.5 18.7 400.0 
kumpula 2022 6 28 179 19.9 28.4 26.4 -999.9 0.0 5.8 19.1 400.0 
kumpula 2022 6 29 180 19.7 26.6 25.0 -999.9 0.0 5.8 16.3 400.0 
kumpula 2022 6 30 181 18.8 26.5 29.5 -999.9 0.0 4.6 14.4 400.0 
kumpula 2022 7 1 182 18.5 27.0 22.3 -999.9 0.0 4.4 16.1 400.0 
kumpula 2022 7 2 183 21.8 29.2 26.1 -999.9 0.0 4.3 19.8 400.0 
kumpula 2022 7 3 184 18.6 26.3 28.8 -999.9 0.0 5.2 16.4 400.0 
kumpula 2022 7 4 185 14.7 25.3 29.8 -999.9 0.0 3.2 14.0 400.0 
kumpula 2022 7 5 186 16.8 24.2 29.4 -999.9 0.1 6.9 15.8 400.0 
kumpula 2022 7 6 187 15.3 21.9 21.8 -999.9 0.0 6.0 14.8 400.0 
kumpula 2022 7 7 188 13.7 23.6 26.9 -999.9 0.0 5.6 14.5 400.0 
kumpula 2022 7 8 189 11.5 21.9 24.7 -999.9 0.0 3.3 11.7 400.0 
kumpula 2022 7 9 190 16.2 21.8 12.3 -999.9 1.4 3.4 16.9 400.0 
kumpula 2022 7 10 191 12.1 22.9 27.7 -999.9 0.0 2.9 12.6 400.0 
kumpula 2022 7 11 192 12.7 25.3 23.7 -999.9 0.0 3.3 14.5 400.0 
kumpula 2022 7 12 193 15.9 25.4 13.1 -999.9 0.3 5.3 18.4 400.0 
kumpula 2022 7 13 194 18.7 24.2 13.6 -999.9 16.9 3.8 20.9 400.0 
kumpula 2022 7 14 195 14.9 22.2 25.0 -999.9 3.6 6.1 15.4 400.0 
kumpula 2022 7 15 196 12.0 20.3 20.9 -999.9 0.0 4.2 13.1 400.0 
kumpula 2022 7 16 197 11.2 18.3 18.0 -999.9 0.9 6.0 12.6 400.0 
kumpula 2022 7 17 198 11.6 18.0 14.1 -999.9 7.6 4.5 13.4 400.0 
kumpula 2022 7 18 199 11.7 20.5 20.4 -999.9 0.2 4.5 12.4 400.0 
kumpula 2022 7 19 200 14.5 22.9 24.6 -999.9 6.4 4.0 15.2 400.0 
kumpula 2022 7 20 201 11.3 25.0 27.1 -999.9 0.0 4.7 11.1 400.0 
kumpula 2022 7 21 202 15.1 26.3 26.5 -999.9 0.0 2.8 15.4 400.0 
kumpula 2022 7 22 203 17.8 27.1 24.9 -999.9 1.2 4.2 19.1 400.0 
kumpula 2022 7 23 204 17.4 23.2 20.6 -999.9 0.0 5.0 19.7 400.0 
kumpula 2022 7 24 205 15.4 21.2 7.6 -999.9 0.7 2.5 18.0 400.0 
kumpula 2022 7 25 206 14.4 24.5 25.3 -999.9 0.0 4.1 15.4 400.0 
kumpula 2022 7 26 207 17.2 24.6 13.1 -999.9 3.7 4.7 20.6 400.0 
kumpula 2022 7 27 208 16.3 21.1 20.0 -999.9 0.0 5.9 16.8 400.0 
kumpula 2022 7 28 209 13.6 20.6 14.5 -999.9 0.6 3.2 14.2 400.0 
kumpula 2022 7 29 210 10.2 21.5 15.8 -999.9 0.0 4.3 12.6 400.0 
kumpula 2022 7 30 211 11.4 21.3 21.0 -999.9 1.4 4.3 13.4 400.0 
kumpula 2022 7 31 212 11.4 23.5 21.4 -999.9 3.5 3.0 15.4 400.0 
kumpula 2022 8 1 213 11.0 23.0 23.6 -999.9 0.0 3.5 13.7 400.0 
kumpula 2022 8 2 214 14.7 23.6 23.6 -999.9 0.0 4.2 15.3 400.0 
kumpula 2022 8 3 215 10.9 23.1 20.0 -999.9 0.0 4.0 14.1 400.0 
kumpula 2022 8 4 216 17.5 27.4 21.3 -999.9 0.0 4.9 18.2 400.0 
kumpula 2022 8 5 217 18.8 29.4 22.8 -999.9 0.2 4.1 18.0 400.0 
kumpula 2022 8 6 218 16.0 23.4 16.2 -999.9 2.0 6.0 16.7 400.0 
kumpula 2022 8 7 219 12.3 22.0 22.2 -999.9 0.0 5.5 12.9 400.0 
kumpula 2022 8 8 220 12.8 20.7 10.9 -999.9 25.6 2.1 16.0 400.0 
kumpula 2022 8 9 221 11.0 22.8 21.3 -999.9 0.0 3.1 12.6 400.0 
kumpula 2022 8 10 222 11.4 22.9 22.6 -999.9 0.0 4.5 13.6 400.0 
kumpula 2022 8 11 223 16.9 24.1 19.4 -999.9 0.0 6.3 20.2 400.0 
kumpula 2022 8 12 224 15.9 24.9 20.3 -999.9 0.0 4.2 19.5 400.0 
kumpula 2022 8 13 225 15.5 25.4 23.5 -999.9 0.0 2.7 18.0 400.0 
kumpula 2022 8 14 226 15.2 23.8 19.8 -999.9 0.0 3.6 16.7 400.0 
kumpula 2022 8 15 227 13.5 25.3 18.9 -999.9 0.0 3.8 16.9 400.0 
kumpula 2022 8 16 228 19.6 27.4 20.8 -999.9 0.0 3.7 21.0 400.0 
kumpula 2022 8 17 229 20.2 26.7 15.5 -999.9 0.2 3.0 22.9 400.0 
kumpula 2022 8 18 230 20.0 27.3 13.9 -999.9 0.0 2.7 21.3 400.0 
kumpula 2022 8 19 231 22.0 29.8 13.6 -999.9 0.0 4.2 21.7 400.0 
kumpula 2022 8 20 232 21.2 25.7 17.8 -999.9 0.0 5.7 19.2 400.0 
kumpula 2022 8 21 233 19.4 23.8 16.2 -999.9 0.6 5.1 19.5 400.0 
kumpula 2022 8 22 234 14.2 23.2 11.0 -999.9 3.8 3.6 17.6 400.0 
kumpula 2022 8 23 235 14.3 24.8 18.5 -999.9 0.0 3.2 16.7 400.0 
kumpula 2022 8 24 236 19.0 25.8 11.0 -999.9 0.1 2.9 22.5 400.0 
kumpula 2022 8 25 237 15.8 19.6 8.2 -999.9 0.0 3.5 14.8 400.0 
kumpula 2022 8 26 238 15.8 18.9 4.8 -999.9 0.0 3.3 16.3 400.0 
kumpula 2022 8 27 239 12.9 23.6 18.3 -999.9 0.0 2.9 18.2 400.0 
kumpula 2022 8 28 240 16.3 28.9 16.5 -999.9 13.1 2.9 22.6 400.0 
kumpula 2022 8 29 241 14.8 20.6 10.1 -999.9 0.0 5.3 15.7 400.0 
kumpula 2022 8 30 242 11.4 19.2 14.5 -999.9 0.0 5.2 10.6 400.0 
kumpula 2022 8 31 243 9.2 14.6 11.3 -999.9 0.0 4.7 9.0 400.0 
kumpula 2022 9 1 244 6.3 15.0 15.1 -999.9 0.0 4.8 8.0 400.0 
kumpula 2022 9 2 245 4.7 15.5 17.5 -999.9 0.0 3.7 8.3 400.0 
kumpula 2022 9 3 246 3.7 13.4 10.9 -999.9 0.0 3.4 8.1 400.0 
kumpula 2022 9 4 247 4.4 14.4 12.2 -999.9 0.0 3.5 7.9 400.0 
kumpula 2022 9 5 248 6.6 12.3 8.3 -999.9 0.0 2.8 7.5 400.0 
kumpula 2022 9 6 249 4.7 17.3 12.7 -999.9 0.0 4.4 8.8 400.0 
kumpula 2022 9 7 250 8.0 14.7 13.3 -999.9 0.0 3.7 9.0 400.0 
kumpula 2022 9 8 251 2.3 14.4 17.4 -999.9 0.0 2.6 7.9 400.0 
kumpula 2022 9 9 252 5.2 15.1 16.0 -999.9 0.0 3.2 8.3 400.0 
kumpula 2022 9 10 253 4.0 16.6 16.6 -999.9 0.0 3.0 9.0 400.0 
kumpula 2022 9 11 254 4.2 17.2 15.0 -999.9 0.0 3.2 9.6 400.0 
kumpula 2022 9 12 255 5.0 17.0 15.4 -999.9 0.0 3.4 10.1 400.0 
kumpula 2022 9 13 256 10.7 14.4 4.9 -999.9 1.1 5.5 10.9 400.0 
kumpula 2022 9 14 257 11.5 13.4 2.3 -999.9 13.5 6.3 13.2 400.0 
kumpula 2022 9 15 258 10.6 15.3 7.9 -999.9 16.7 3.4 13.9 400.0 
kumpula 2022 9 16 259 9.6 14.4 4.0 -999.9 10.0 2.6 13.6 400.0 
kumpula 2022 9 17 260 8.3 14.9 8.9 -999.9 0.0 2.1 12.3 400.0 
kumpula 2022 9 18 261 7.9 16.3 10.8 -999.9 0.0 2.9 12.2 400.0 
kumpula 2022 9 19 262 9.5 15.2 6.3 -999.9 2.8 3.5 12.3 400.0 
kumpula 2022 9 20 263 8.9 13.9 6.7 -999.9 0.1 3.8 10.6 400.0 
kumpula 2022 9 21 264 4.8 13.4 8.9 -999.9 0.0 3.2 8.7 400.0 
kumpula 2022 9 22 265 4.2 13.5 10.3 -999.9 0.0 2.4 8.7 400.0 
kumpula 2022 9 23 266 6.5 13.9 8.2 -999.9 0.0 2.0 9.9 400.0 
kumpula 2022 9 24 267 8.3 13.3 5.8 -999.9 0.0 2.2 10.8 400.0 
kumpula 2022 9 25 268 6.0 12.9 9.5 -999.9 0.0 3.1 9.0 400.0 
kumpula 2022 9 26 269 5.4 13.5 4.5 -999.9 0.0 4.1 9.3 400.0 
kumpula 2022 9 27 270 9.4 13.6 9.5 -999.9 0.3 5.3 10.4 400.0 
kumpula 2022 9 28 271 6.9 13.2 4.9 -999.9 3.2 4.8 10.8 400.0 
kumpula 2022 9 29 272 6.1 8.6 2.3 -999.9 16.0 3.3 9.9 400.0 
kumpula 2022 9 30 273 6.0 12.8 6.8 -999.9 0.6 2.7 10.6 400.0 
kumpula 2022 10 1 274 4.7 13.6 7.8 -999.9 0.0 3.5 9.7 400.0 
kumpula 2022 10 2 275 9.2 12.8 7.7 -999.9 0.0 3.4 10.9 400.0 
kumpula 2022 10 3 276 5.2 9.3 4.7 -999.9 0.0 5.1 8.6 400.0 
kumpula 2022 10 4 277 6.6 9.9 3.6 -999.9 0.2 4.4 8.4 400.0 
kumpula 2022 10 5 278 2.6 12.5 1.4 -999.9 2.7 4.3 10.2 400.0 
kumpula 2022 10 6 279 11.2 14.5 3.5 -999.9 2.5 7.8 13.0 400.0 
kumpula 2022 10 7 280 10.7 15.8 6.5 -999.9 0.0 7.7 12.1 400.0 
kumpula 2022 10 8 281 9.3 13.0 2.4 -999.9 1.5 6.9 12.1 400.0 
kumpula 2022 10 9 282 4.8 12.7 9.1 -999.9 0.0 4.8 8.8 400.0 
kumpula 2022 10 10 283 7.0 13.5 7.4 -999.9 0.0 5.7 11.0 400.0 
kumpula 2022 10 11 284 7.9 11.9 3.3 -999.9 2.7 5.8 11.0 400.0 
kumpula 2022 10 12 285 4.6 11.4 9.0 -999.9 0.0 4.0 8.2 400.0 
kumpula 2022 10 13 286 0.7 11.2 3.0 -999.9 0.0 3.6 8.9 400.0 
kumpula 2022 10 14 287 9.6 10.5 1.5 -999.9 5.2 4.2 11.9 400.0 
kumpula 2022 10 15 288 9.2 10.9 1.8 -999.9 4.5 3.8 11.8 400.0 
kumpula 2022 10 16 289 10.1 12.4 0.9 -999.9 7.2 6.2 12.8 400.0 
kumpula 2022 10 17 290 8.4 11.9 3.0 -999.9 1.6 6.7 10.7 400.0 
kumpula 2022 10 18 291 6.5 10.1 3.1 -999.9 2.9 4.2 10.1 400.0 
kumpula 2022 10 19 292 1.3 7.2 6.6 -999.9 0.0 4.1 6.9 400.0 
kumpula 2022 10 20 293 2.1 10.3 6.1 -999.9 0.0 3.2 8.0 400.0 
kumpula 2022 10 21 294 6.5 10.1 3.7 -999.9 0.0 2.1 9.1 400.0 
kumpula 2022 10 22 295 4.7 9.5 4.0 -999.9 0.0 3.3 8.1 400.0 
kumpula 2022 10 23 296 3.7 9.6 4.6 -999.9 0.0 3.4 8.2 400.0 
kumpula 2022 10 24 297 -2.3 6.9 6.0 -999.9 0.0 2.5 5.8 400.0 
kumpula 2022 10 25 298 -1.1 7.5 0.7 -999.9 13.2 5.0 7.3 400.0 
kumpula 2022 10 26 299 7.4 10.9 1.4 -999.9 0.3 3.3 11.6 400.0 
kumpula 2022 10 27 300 6.8 10.3 1.0 -999.9 0.2 4.0 10.8 400.0 
kumpula 2022 10 28 301 9.4 11.6 2.6 -999.9 0.1 4.3 12.4 400.0 
kumpula 2022 10 29 302 9.9 12.7 0.7 -999.9 2.4 5.8 11.6 400.0 
kumpula 2022 10 30 303 2.9 9.9 2.1 -999.9 0.0 4.8 6.8 400.0 
kumpula 2022 10 31 304 -0.8 8.7 4.4 -999.9 0.7 3.3 7.5 400.0 
kumpula 2022 11 1 305 5.5 10.0 3.7 -999.9 0.1 2.5 10.1 400.0 
kumpula 2022 11 2 306 5.2 6.9 0.9 -999.9 1.8 2.2 9.2 400.0 
kumpula 2022 11 3 307 6.2 7.1 0.8 -999.9 0.0 3.8 9.2 400.0 
kumpula 2022 11 4 308 5.3 6.8 1.2 -999.9 0.0 4.2 7.9 400.0 
kumpula 2022 11 5 309 1.3 5.3 1.2 -999.9 12.6 5.4 6.6 400.0 
kumpula 2022 11 6 310 2.2 9.4 1.2 -999.9 2.6 5.6 8.9 400.0 
kumpula 2022 11 7 311 7.7 9.3 0.4 -999.9 7.6 4.6 10.5 400.0 
kumpula 2022 11 8 312 6.3 9.3 1.3 -999.9 3.9 1.2 9.9 400.0 
kumpula 2022 11 9 313 4.3 10.1 0.3 -999.9 1.2 1.4 10.1 400.0 
kumpula 2022 11 10 314 8.8 10.2 1.3 -999.9 2.2 0.4 11.2 400.0 
kumpula 2022 11 11 315 8.3 11.4 0.5 -999.9 2.5 4.9 12.0 400.0 
kumpula 2022 11 12 316 9.9 13.9 2.9 -999.9 0.0 7.5 10.4 400.0 
kumpula 2022 11 13 317 2.5 10.2 3.0 -999.9 0.0 3.5 8.3 400.0 
kumpula 2022 11 14 318 0.8 7.5 1.0 -999.9 2.5 3.1 7.9 400.0 
kumpula 2022 11 15 319 2.1 6.9 0.7 -999.9 0.1 5.0 7.6 400.0 
kumpula 2022 11 16 320 -1.6 2.2 1.0 -999.9 0.1 2.8 5.5 400.0 
kumpula 2022 11 17 321 -1.6 1.1 1.2 -999.9 0.0 4.2 4.8 400.0 
kumpula 2022 11 18 322 -2.2 1.0 0.7 -999.9 0.0 5.7 4.0 400.0 
kumpula 2022 11 19 323 -3.9 -0.8 0.5 -999.9 2.0 6.5 4.2 400.0 
kumpula 2022 11 20 324 -2.4 -0.8 0.3 -999.9 3.6 6.1 4.5 400.0 
kumpula 2022 11 21 325 -2.9 -0.9 0.3 -999.9 3.9 7.4 4.4 400.0 
kumpula 2022 11 22 326 -3.3 0.4 0.8 -999.9 0.0 4.7 4.6 400.0 
kumpula 2022 11 23 327 -3.4 -1.7 1.1 -999.9 0.0 4.4 4.4 400.0 
kumpula 2022 11 24 328 -5.4 -1.4 0.4 -999.9 0.1 4.1 4.3 400.0 
kumpula 2022 11 25 329 -2.8 0.6 0.2 -999.9 1.3 6.0 5.0 400.0 
kumpula 2022 11 26 330 -3.2 0.0 0.3 -999.9 3.2 3.4 5.1 400.0 
kumpula 2022 11 27 331 -4.5 -2.7 0.3 -999.9 0.2 2.8 4.5 400.0 
kumpula 2022 11 28 332 -2.7 0.8 0.2 -999.9 0.5 3.5 5.3 400.0 
kumpula 2022 11 29 333 -0.8 2.0 0.4 -999.9 3.9 3.5 5.8 400.0 
kumpula 2022 11 30 334 0.1 1.2 0.3 -999.9 0.0 2.1 6.1 400.0 
kumpula 2022 12 1 335 -1.5 0.8 0.2 -999.9 0.0 3.2 5.5 400.0 
kumpula 2022 12 2 336 -4.1 -1.4 0.8 -999.9 0.2 4.6 4.4 400.0 
kumpula 2022 12 3 337 -3.8 -3.3 0.2 -999.9 0.6 2.3 4.3 400.0 
kumpula 2022 12 4 338 -3.6 -2.1 0.2 -999.9 0.3 1.6 4.5 400.0 
kumpula 2022 12 5 339 -4.8 0.4 0.4 -999.9 2.8 2.5 4.3 400.0 
kumpula 2022 12 6 340 -0.7 0.6 0.3 -999.9 5.8 4.2 5.9 400.0 
kumpula 2022 12 7 341 -2.2 1.0 0.3 -999.9 14.3 3.0 5.7 400.0 
kumpula 2022 12 8 342 -3.4 0.3 0.2 -999.9 5.1 3.1 5.3 400.0 
kumpula 2022 12 9 343 -8.4 -2.0 0.9 -999.9 4.3 1.8 4.0 400.0 
kumpula 2022 12 10 344 -8.5 0.4 0.4 -999.9 2.1 5.5 4.3 400.0 
kumpula 2022 12 11 345 -6.3 -1.9 0.3 -999.9 0.0 5.6 4.0 400.0 
kumpula 2022 12 12 346 -9.5 -3.3 0.3 -999.9 10.7 7.9 3.2 400.0 
kumpula 2022 12 13 347 -10.3 -6.3 0.2 -999.9 5.5 3.4 2.7 400.0 
kumpula 2022 12 14 348 -12.2 0.6 0.8 -999.9 2.5 3.2 3.6 400.0 
kumpula 2022 12 15 349 -10.8 0.8 0.6 -999.9 0.0 1.8 3.9 400.0 
kumpula 2022 12 16 350 -13.3 -2.3 0.7 -999.9 0.0 2.3 3.1 400.0 
kumpula 2022 12 17 351 -8.1 -0.3 0.6 -999.9 0.2 3.5 4.0 400.0 
kumpula 2022 12 18 352 -1.6 2.5 0.4 -999.9 1.1 6.1 6.0 400.0 
kumpula 2022 12 19 353 -1.2 2.2 0.5 -999.9 0.0 4.7 5.6 400.0 
kumpula 2022 12 20 354 -2.1 1.4 0.2 -999.9 7.4 4.3 5.7 400.0 
kumpula 2022 12 21 355 0.3 3.8 0.2 -999.9 0.3 5.2 7.0 400.0 
kumpula 2022 12 22 356 1.9 3.4 0.3 -999.9 0.4 5.1 7.2 400.0 
kumpula 2022 12 23 357 -0.8 3.3 0.3 -999.9 3.1 4.5 6.5 400.0 
kumpula 2022 12 24 358 -4.0 -0.5 1.3 -999.9 0.0 4.3 4.8 400.0 
kumpula 2022 12 25 359 -7.5 -2.5 0.9 -999.9 0.0 0.4 0.3 400.0 
kumpula 2022 12 26 360 -9.0 -1.9 0.4 -999.9 6.3 3.0 1.4 400.0 
kumpula 2022 12 27 361 -5.7 2.3 0.3 -999.9 4.3 5.9 5.1 400.0 
kumpula 2022 12 28 362 -4.2 2.0 0.5 -999.9 0.0 3.1 5.4 400.0 
kumpula 2022 12 29 363 -5.5 1.3 0.2 -999.9 14.8 5.7 5.1 400.0 
kumpula 2022 12 30 364 0.2 3.7 0.4 -999.9 0.7 4.5 7.0 400.0 
kumpula 2022 12 31 365 2.4 4.5 0.1 -999.9 0.6 7.3 7.5 400.0 
