kumpula 2020 1 1 1 -2.6 3.4 0.6 -999.9 0.0 5.8 5.1 400.0 
kumpula 2020 1 2 2 1.8 5.1 0.9 -999.9 0.0 6.9 6.7 400.0 
kumpula 2020 1 3 3 4.3 5.7 0.1 -999.9 1.2 8.9 7.1 400.0 
kumpula 2020 1 4 4 0.7 4.7 1.1 -999.9 0.0 6.2 5.1 400.0 
kumpula 2020 1 5 5 -4.9 1.9 1.4 -999.9 4.3 4.9 3.6 400.0 
kumpula 2020 1 6 6 -3.2 2.5 0.4 -999.9 1.2 4.6 5.9 400.0 
kumpula 2020 1 7 7 2.4 5.5 0.4 -999.9 1.9 7.1 7.8 400.0 
kumpula 2020 1 8 8 4.2 7.3 0.1 -999.9 1.5 9.2 8.4 400.0 
kumpula 2020 1 9 9 0.1 7.1 1.5 -999.9 0.0 5.4 6.5 400.0 
kumpula 2020 1 10 10 -3.6 0.8 1.5 -999.9 0.0 2.4 5.1 400.0 
kumpula 2020 1 11 11 -4.9 3.5 1.3 -999.9 8.8 7.6 5.1 400.0 
kumpula 2020 1 12 12 2.7 6.1 0.3 -999.9 0.2 6.8 7.7 400.0 
kumpula 2020 1 13 13 -0.2 5.4 0.6 -999.9 0.0 5.4 6.6 400.0 
kumpula 2020 1 14 14 1.6 4.1 0.7 -999.9 5.8 7.6 6.5 400.0 
kumpula 2020 1 15 15 2.8 7.3 0.1 -999.9 8.3 8.0 8.2 400.0 
kumpula 2020 1 16 16 3.9 6.4 0.8 -999.9 0.0 5.6 7.6 400.0 
kumpula 2020 1 17 17 2.3 5.5 0.5 -999.9 0.0 6.5 7.4 400.0 
kumpula 2020 1 18 18 1.8 4.9 0.1 -999.9 2.9 7.1 7.2 400.0 
kumpula 2020 1 19 19 2.0 5.1 0.8 -999.9 0.0 6.6 6.9 400.0 
kumpula 2020 1 20 20 1.0 4.1 0.7 -999.9 0.0 6.5 5.9 400.0 
kumpula 2020 1 21 21 2.9 8.1 1.4 -999.9 0.5 7.8 5.7 400.0 
kumpula 2020 1 22 22 -1.2 4.1 2.0 -999.9 0.0 5.8 4.9 400.0 
kumpula 2020 1 23 23 -3.6 3.4 1.6 -999.9 0.0 5.2 5.1 400.0 
kumpula 2020 1 24 24 0.3 3.8 0.7 -999.9 0.1 4.9 6.3 400.0 
kumpula 2020 1 25 25 -1.0 2.4 2.3 -999.9 1.0 5.9 4.8 400.0 
kumpula 2020 1 26 26 -1.7 5.4 1.8 -999.9 0.7 5.1 6.2 400.0 
kumpula 2020 1 27 27 -1.0 3.7 0.4 -999.9 7.9 4.5 6.6 400.0 
kumpula 2020 1 28 28 1.2 3.7 0.4 -999.9 4.4 4.4 6.9 400.0 
kumpula 2020 1 29 29 0.7 3.0 0.2 -999.9 8.7 5.9 6.5 400.0 
kumpula 2020 1 30 30 0.9 2.5 0.4 -999.9 7.0 5.1 6.6 400.0 
kumpula 2020 1 31 31 0.8 2.4 1.0 -999.9 0.1 4.6 6.1 400.0 
kumpula 2020 2 1 32 1.6 2.8 0.3 -999.9 8.0 5.7 6.9 400.0 
kumpula 2020 2 2 33 1.6 5.5 1.0 -999.9 0.8 4.7 7.4 400.0 
kumpula 2020 2 3 34 -1.8 2.1 3.7 -999.9 0.0 5.8 4.8 400.0 
kumpula 2020 2 4 35 -6.1 -1.5 4.0 -999.9 0.0 3.8 3.6 400.0 
kumpula 2020 2 5 36 -7.6 1.9 2.7 -999.9 0.0 5.5 4.0 400.0 
kumpula 2020 2 6 37 -5.8 1.8 4.3 -999.9 0.0 5.5 3.5 400.0 
kumpula 2020 2 7 38 -8.3 -0.1 2.8 -999.9 1.0 3.9 3.8 400.0 
kumpula 2020 2 8 39 -0.3 2.2 1.2 -999.9 0.5 4.1 6.5 400.0 
kumpula 2020 2 9 40 2.0 3.8 0.4 -999.9 8.0 7.9 7.0 400.0 
kumpula 2020 2 10 41 3.0 4.8 0.3 -999.9 3.9 9.7 7.6 400.0 
kumpula 2020 2 11 42 1.9 4.7 3.5 -999.9 13.5 6.2 6.9 400.0 
kumpula 2020 2 12 43 0.3 4.1 2.3 -999.9 3.6 5.9 6.6 400.0 
kumpula 2020 2 13 44 0.7 3.7 2.0 -999.9 0.0 4.5 6.4 400.0 
kumpula 2020 2 14 45 -2.5 1.2 3.3 -999.9 0.1 2.8 5.3 400.0 
kumpula 2020 2 15 46 -2.9 2.9 1.0 -999.9 5.5 6.7 5.7 400.0 
kumpula 2020 2 16 47 2.6 4.4 0.3 -999.9 38.5 8.6 7.6 400.0 
kumpula 2020 2 17 48 3.8 5.5 1.2 -999.9 1.9 9.3 7.5 400.0 
kumpula 2020 2 18 49 4.5 6.2 2.1 -999.9 0.0 8.1 7.8 400.0 
kumpula 2020 2 19 50 2.5 6.7 3.5 -999.9 0.4 4.9 7.0 400.0 
kumpula 2020 2 20 51 -0.4 3.2 3.1 -999.9 0.4 3.5 5.8 400.0 
kumpula 2020 2 21 52 0.0 4.0 0.5 -999.9 1.0 8.8 6.2 400.0 
kumpula 2020 2 22 53 1.5 4.7 0.7 -999.9 18.4 10.7 6.9 400.0 
kumpula 2020 2 23 54 1.5 5.7 2.8 -999.9 0.0 6.3 5.9 400.0 
kumpula 2020 2 24 55 0.0 4.5 5.6 -999.9 0.0 7.0 4.6 400.0 
kumpula 2020 2 25 56 -4.3 2.0 7.5 -999.9 0.0 3.4 3.9 400.0 
kumpula 2020 2 26 57 -2.6 1.5 4.9 -999.9 0.0 6.9 3.6 400.0 
kumpula 2020 2 27 58 -6.5 0.0 7.5 -999.9 0.0 5.7 3.0 400.0 
kumpula 2020 2 28 59 -7.3 1.4 8.6 -999.9 0.0 3.5 2.9 400.0 
kumpula 2020 2 29 60 -9.2 2.5 3.8 -999.9 2.9 3.0 4.0 400.0 
kumpula 2020 3 1 61 0.2 3.6 1.8 -999.9 14.5 6.3 6.6 400.0 
kumpula 2020 3 2 62 2.3 5.7 3.1 -999.9 0.2 4.4 7.6 400.0 
kumpula 2020 3 3 63 0.3 3.7 2.2 -999.9 0.1 4.8 6.6 400.0 
kumpula 2020 3 4 64 0.4 3.0 0.5 -999.9 12.7 9.0 6.6 400.0 
kumpula 2020 3 5 65 1.8 3.7 2.1 -999.9 2.8 4.4 7.1 400.0 
kumpula 2020 3 6 66 0.6 6.1 9.6 -999.9 0.0 3.9 6.7 400.0 
kumpula 2020 3 7 67 -2.2 3.8 4.5 -999.9 0.0 2.0 6.0 400.0 
kumpula 2020 3 8 68 -2.9 4.3 9.7 -999.9 0.1 3.5 5.6 400.0 
kumpula 2020 3 9 69 2.4 5.3 3.3 -999.9 2.5 5.4 6.7 400.0 
kumpula 2020 3 10 70 2.9 4.4 1.5 -999.9 5.7 5.3 7.6 400.0 
kumpula 2020 3 11 71 2.8 3.9 1.1 -999.9 8.9 5.4 7.4 400.0 
kumpula 2020 3 12 72 2.5 7.3 6.5 -999.9 8.6 5.2 7.8 400.0 
kumpula 2020 3 13 73 -0.6 5.1 7.6 -999.9 0.0 5.9 5.1 400.0 
kumpula 2020 3 14 74 -5.6 1.0 11.2 -999.9 0.0 4.3 2.8 400.0 
kumpula 2020 3 15 75 -5.0 4.6 11.1 -999.9 2.7 8.8 4.3 400.0 
kumpula 2020 3 16 76 1.3 6.4 3.3 -999.9 0.6 5.4 6.3 400.0 
kumpula 2020 3 17 77 -4.4 4.4 7.2 -999.9 0.0 5.9 5.1 400.0 
kumpula 2020 3 18 78 3.4 7.3 4.6 -999.9 2.4 5.2 8.2 400.0 
kumpula 2020 3 19 79 0.8 9.3 11.2 -999.9 0.0 5.3 6.4 400.0 
kumpula 2020 3 20 80 -1.0 5.1 13.7 -999.9 0.0 3.8 3.9 400.0 
kumpula 2020 3 21 81 -6.1 2.1 8.6 -999.9 1.7 3.2 3.0 400.0 
kumpula 2020 3 22 82 -6.7 2.7 14.4 -999.9 0.0 3.0 2.6 400.0 
kumpula 2020 3 23 83 -1.5 4.3 10.8 -999.9 0.0 6.9 4.9 400.0 
kumpula 2020 3 24 84 1.6 6.5 12.0 -999.9 0.0 9.4 6.3 400.0 
kumpula 2020 3 25 85 2.9 7.7 15.7 -999.9 0.0 9.1 6.1 400.0 
kumpula 2020 3 26 86 2.7 9.0 14.1 -999.9 0.0 5.5 6.9 400.0 
kumpula 2020 3 27 87 0.8 7.2 10.2 -999.9 0.0 4.5 5.6 400.0 
kumpula 2020 3 28 88 1.8 11.4 9.5 -999.9 0.0 4.2 5.3 400.0 
kumpula 2020 3 29 89 -2.7 5.1 15.6 -999.9 0.0 3.8 2.9 400.0 
kumpula 2020 3 30 90 -4.2 2.9 10.3 -999.9 0.0 2.4 2.9 400.0 
kumpula 2020 3 31 91 -6.4 3.0 10.7 -999.9 0.6 6.7 3.6 400.0 
kumpula 2020 4 1 92 0.5 9.0 11.6 -999.9 0.9 6.0 5.0 400.0 
kumpula 2020 4 2 93 0.8 7.7 10.8 -999.9 7.5 8.4 6.8 400.0 
kumpula 2020 4 3 94 0.1 6.3 11.0 -999.9 1.2 6.7 6.0 400.0 
kumpula 2020 4 4 95 -1.4 8.0 14.6 -999.9 0.0 5.6 4.1 400.0 
kumpula 2020 4 5 96 -2.4 8.4 18.8 -999.9 0.2 4.3 3.5 400.0 
kumpula 2020 4 6 97 1.7 10.7 13.0 -999.9 0.0 4.0 7.3 400.0 
kumpula 2020 4 7 98 4.6 13.2 15.8 -999.9 0.9 6.3 8.0 400.0 
kumpula 2020 4 8 99 1.8 11.1 18.4 -999.9 0.0 6.3 6.6 400.0 
kumpula 2020 4 9 100 4.2 10.9 14.5 -999.9 0.5 5.4 6.5 400.0 
kumpula 2020 4 10 101 -1.0 9.2 16.8 -999.9 0.0 4.8 4.8 400.0 
kumpula 2020 4 11 102 -1.7 9.7 16.5 -999.9 0.3 4.6 4.3 400.0 
kumpula 2020 4 12 103 1.2 6.0 1.7 -999.9 3.6 7.0 7.2 400.0 
kumpula 2020 4 13 104 1.1 8.4 17.7 -999.9 0.8 6.0 6.0 400.0 
kumpula 2020 4 14 105 0.0 6.8 13.3 -999.9 3.9 4.6 6.4 400.0 
kumpula 2020 4 15 106 -0.6 7.7 7.8 -999.9 14.8 3.5 6.4 400.0 
kumpula 2020 4 16 107 0.2 7.4 10.1 -999.9 3.2 5.2 6.9 400.0 
kumpula 2020 4 17 108 0.5 8.2 14.8 -999.9 0.0 6.1 4.8 400.0 
kumpula 2020 4 18 109 1.6 10.4 19.3 -999.9 0.0 5.7 4.4 400.0 
kumpula 2020 4 19 110 1.9 11.0 18.7 -999.9 0.0 3.5 5.0 400.0 
kumpula 2020 4 20 111 5.8 12.9 13.2 -999.9 0.0 3.4 6.7 400.0 
kumpula 2020 4 21 112 5.0 16.6 22.1 -999.9 0.0 3.3 5.6 400.0 
kumpula 2020 4 22 113 5.2 12.3 22.0 -999.9 0.0 3.5 5.9 400.0 
kumpula 2020 4 23 114 1.9 15.3 23.5 -999.9 0.0 2.8 5.0 400.0 
kumpula 2020 4 24 115 3.9 10.3 10.7 -999.9 0.0 4.6 5.2 400.0 
kumpula 2020 4 25 116 -1.6 10.1 19.3 -999.9 0.0 3.9 4.1 400.0 
kumpula 2020 4 26 117 -1.3 10.0 14.0 -999.9 0.0 3.3 4.4 400.0 
kumpula 2020 4 27 118 0.3 8.8 15.1 -999.9 0.0 3.0 4.5 400.0 
kumpula 2020 4 28 119 3.1 7.0 9.8 -999.9 0.5 3.6 5.8 400.0 
kumpula 2020 4 29 120 1.1 6.8 11.9 -999.9 5.7 2.8 6.8 400.0 
kumpula 2020 4 30 121 -1.9 7.6 21.6 -999.9 0.0 3.2 4.5 400.0 
kumpula 2020 5 1 122 2.7 9.0 22.8 -999.9 0.0 7.6 5.7 400.0 
kumpula 2020 5 2 123 5.9 12.4 14.4 -999.9 7.6 4.5 8.5 400.0 
kumpula 2020 5 3 124 6.9 12.9 18.3 -999.9 0.0 4.8 10.1 400.0 
kumpula 2020 5 4 125 4.4 9.2 7.8 -999.9 0.0 3.3 8.9 400.0 
kumpula 2020 5 5 126 2.4 16.1 24.7 -999.9 0.0 2.7 7.3 400.0 
kumpula 2020 5 6 127 6.3 17.4 19.0 -999.9 0.0 4.3 5.6 400.0 
kumpula 2020 5 7 128 2.6 14.7 21.9 -999.9 0.0 4.1 5.2 400.0 
kumpula 2020 5 8 129 2.4 13.1 23.4 -999.9 0.0 4.2 6.2 400.0 
kumpula 2020 5 9 130 4.1 15.3 27.3 -999.9 0.0 4.2 5.1 400.0 
kumpula 2020 5 10 131 3.7 14.5 25.3 -999.9 0.8 4.5 6.5 400.0 
kumpula 2020 5 11 132 0.6 12.7 5.4 -999.9 11.8 4.6 7.9 400.0 
kumpula 2020 5 12 133 0.1 10.6 14.6 -999.9 1.0 4.0 5.9 400.0 
kumpula 2020 5 13 134 0.4 7.7 17.6 -999.9 1.6 3.7 6.7 400.0 
kumpula 2020 5 14 135 -0.3 11.5 22.4 -999.9 7.4 4.6 5.8 400.0 
kumpula 2020 5 15 136 0.2 10.3 15.1 -999.9 4.0 4.3 6.4 400.0 
kumpula 2020 5 16 137 3.5 9.6 10.0 -999.9 4.2 4.2 8.6 400.0 
kumpula 2020 5 17 138 0.5 10.3 18.7 -999.9 0.1 3.7 7.1 400.0 
kumpula 2020 5 18 139 1.3 13.8 19.0 -999.9 0.6 3.6 7.2 400.0 
kumpula 2020 5 19 140 2.5 13.8 24.0 -999.9 1.6 3.7 8.0 400.0 
kumpula 2020 5 20 141 2.1 13.6 20.4 -999.9 0.0 4.8 6.6 400.0 
kumpula 2020 5 21 142 5.2 16.0 26.9 -999.9 0.0 5.7 5.0 400.0 
kumpula 2020 5 22 143 7.5 16.2 29.2 -999.9 0.0 3.6 6.4 400.0 
kumpula 2020 5 23 144 6.0 17.9 28.7 -999.9 0.0 3.8 6.7 400.0 
kumpula 2020 5 24 145 9.1 14.0 17.8 -999.9 0.0 3.2 7.7 400.0 
kumpula 2020 5 25 146 10.1 19.3 19.9 -999.9 0.1 3.1 8.6 400.0 
kumpula 2020 5 26 147 8.6 22.6 28.5 -999.9 1.0 4.3 8.1 400.0 
kumpula 2020 5 27 148 10.0 20.5 27.6 -999.9 8.5 4.1 9.7 400.0 
kumpula 2020 5 28 149 10.5 18.7 12.1 -999.9 0.0 3.9 10.4 400.0 
kumpula 2020 5 29 150 8.3 19.0 22.3 -999.9 0.0 3.3 7.6 400.0 
kumpula 2020 5 30 151 10.5 20.7 29.3 -999.9 0.0 5.2 7.5 400.0 
kumpula 2020 5 31 152 11.3 20.2 26.8 -999.9 0.0 3.9 8.5 400.0 
kumpula 2020 6 1 153 10.9 17.9 16.6 -999.9 0.0 3.1 10.1 400.0 
kumpula 2020 6 2 154 6.3 15.8 30.1 -999.9 0.0 3.4 6.6 400.0 
kumpula 2020 6 3 155 6.6 17.3 30.7 -999.9 0.0 4.6 6.7 400.0 
kumpula 2020 6 4 156 11.1 19.4 10.7 -999.9 4.7 3.8 12.3 400.0 
kumpula 2020 6 5 157 10.9 19.3 11.4 -999.9 8.0 3.9 14.8 400.0 
kumpula 2020 6 6 158 11.2 18.4 13.1 -999.9 2.6 6.3 13.0 400.0 
kumpula 2020 6 7 159 11.0 19.9 25.5 -999.9 0.0 4.4 11.7 400.0 
kumpula 2020 6 8 160 13.5 19.3 8.4 -999.9 1.2 2.8 15.7 400.0 
kumpula 2020 6 9 161 12.7 19.4 14.4 -999.9 0.0 3.5 14.3 400.0 
kumpula 2020 6 10 162 11.7 23.8 26.0 -999.9 0.0 3.2 12.4 400.0 
kumpula 2020 6 11 163 14.3 23.4 29.4 -999.9 0.0 4.3 14.1 400.0 
kumpula 2020 6 12 164 13.2 22.5 31.1 -999.9 0.0 4.7 10.2 400.0 
kumpula 2020 6 13 165 10.9 22.7 31.2 -999.9 0.0 2.9 9.0 400.0 
kumpula 2020 6 14 166 10.6 22.4 31.2 -999.9 0.0 3.8 8.7 400.0 
kumpula 2020 6 15 167 13.6 24.1 28.3 -999.9 0.0 4.0 12.3 400.0 
kumpula 2020 6 16 168 16.6 25.4 14.7 -999.9 0.5 2.5 18.4 400.0 
kumpula 2020 6 17 169 16.5 25.3 27.2 -999.9 25.0 2.3 17.8 400.0 
kumpula 2020 6 18 170 17.7 24.4 19.6 -999.9 0.0 2.6 20.2 400.0 
kumpula 2020 6 19 171 16.6 25.4 30.0 -999.9 0.0 3.1 14.8 400.0 
kumpula 2020 6 20 172 17.5 23.2 30.6 -999.9 0.0 5.2 15.7 400.0 
kumpula 2020 6 21 173 13.7 20.1 30.8 -999.9 0.0 4.2 11.9 400.0 
kumpula 2020 6 22 174 10.5 21.7 31.4 -999.9 0.0 2.7 10.9 400.0 
kumpula 2020 6 23 175 11.8 24.7 30.5 -999.9 0.0 3.0 11.0 400.0 
kumpula 2020 6 24 176 15.3 27.4 29.7 -999.9 0.0 2.5 14.1 400.0 
kumpula 2020 6 25 177 17.5 29.4 29.9 -999.9 0.0 4.0 13.0 400.0 
kumpula 2020 6 26 178 16.9 27.7 29.7 -999.9 0.0 4.2 14.7 400.0 
kumpula 2020 6 27 179 16.4 28.8 29.7 -999.9 0.0 3.7 14.5 400.0 
kumpula 2020 6 28 180 18.7 25.6 28.7 -999.9 0.0 5.8 17.3 400.0 
kumpula 2020 6 29 181 17.2 20.9 21.3 -999.9 9.9 5.7 15.9 400.0 
kumpula 2020 6 30 182 13.1 18.3 7.5 -999.9 26.3 5.4 16.3 400.0 
kumpula 2020 7 1 183 14.8 18.9 14.4 -999.9 1.4 6.6 15.6 400.0 
kumpula 2020 7 2 184 13.0 19.7 22.5 -999.9 1.4 3.2 13.7 400.0 
kumpula 2020 7 3 185 13.8 19.8 28.2 -999.9 0.0 6.4 13.2 400.0 
kumpula 2020 7 4 186 13.7 17.8 11.0 -999.9 10.5 7.0 15.6 400.0 
kumpula 2020 7 5 187 13.1 19.0 12.9 -999.9 11.1 4.7 16.6 400.0 
kumpula 2020 7 6 188 15.0 18.5 27.9 -999.9 0.3 8.5 14.2 400.0 
kumpula 2020 7 7 189 13.1 17.3 18.7 -999.9 3.2 6.4 14.3 400.0 
kumpula 2020 7 8 190 11.8 19.1 24.6 -999.9 1.3 4.1 13.8 400.0 
kumpula 2020 7 9 191 10.4 17.6 28.7 -999.9 0.4 5.8 12.2 400.0 
kumpula 2020 7 10 192 11.9 19.6 28.1 -999.9 7.7 3.8 13.1 400.0 
kumpula 2020 7 11 193 13.0 16.5 8.8 -999.9 5.7 4.4 15.1 400.0 
kumpula 2020 7 12 194 10.7 20.1 29.8 -999.9 0.0 4.1 13.5 400.0 
kumpula 2020 7 13 195 12.4 18.8 20.6 -999.9 18.6 2.7 14.5 400.0 
kumpula 2020 7 14 196 8.8 19.9 27.4 -999.9 0.0 4.1 12.3 400.0 
kumpula 2020 7 15 197 10.0 22.8 29.1 -999.9 0.0 2.8 10.8 400.0 
kumpula 2020 7 16 198 11.5 24.5 22.6 -999.9 0.0 3.2 11.8 400.0 
kumpula 2020 7 17 199 13.4 25.7 25.8 -999.9 0.0 3.1 13.8 400.0 
kumpula 2020 7 18 200 15.8 24.5 28.0 -999.9 0.0 4.4 16.2 400.0 
kumpula 2020 7 19 201 15.5 24.7 25.9 -999.9 0.0 3.0 16.3 400.0 
kumpula 2020 7 20 202 17.8 25.2 15.5 -999.9 0.0 2.1 18.0 400.0 
kumpula 2020 7 21 203 16.1 23.2 22.1 -999.9 0.0 4.7 17.2 400.0 
kumpula 2020 7 22 204 12.6 20.5 20.1 -999.9 0.0 6.2 12.6 400.0 
kumpula 2020 7 23 205 11.8 17.9 16.8 -999.9 1.7 5.4 11.7 400.0 
kumpula 2020 7 24 206 11.3 18.4 8.2 -999.9 3.7 4.6 13.7 400.0 
kumpula 2020 7 25 207 13.4 19.5 17.5 -999.9 1.5 3.8 15.6 400.0 
kumpula 2020 7 26 208 11.8 23.1 26.5 -999.9 0.0 3.6 13.5 400.0 
kumpula 2020 7 27 209 15.7 22.2 24.4 -999.9 7.9 4.4 15.0 400.0 
kumpula 2020 7 28 210 16.6 19.9 7.8 -999.9 7.4 2.4 19.6 400.0 
kumpula 2020 7 29 211 15.8 20.9 11.3 -999.9 15.0 3.8 18.7 400.0 
kumpula 2020 7 30 212 13.1 19.3 19.6 -999.9 0.0 4.1 15.3 400.0 
kumpula 2020 7 31 213 12.2 22.8 23.2 -999.9 0.0 4.2 13.3 400.0 
kumpula 2020 8 1 214 10.9 21.2 18.0 -999.9 0.0 3.6 12.1 400.0 
kumpula 2020 8 2 215 13.3 20.9 16.1 -999.9 1.0 4.9 15.5 400.0 
kumpula 2020 8 3 216 15.4 20.7 15.0 -999.9 8.3 4.9 18.2 400.0 
kumpula 2020 8 4 217 13.6 18.9 7.0 -999.9 0.3 2.6 16.9 400.0 
kumpula 2020 8 5 218 12.6 21.7 20.8 -999.9 0.1 4.2 14.7 400.0 
kumpula 2020 8 6 219 14.3 20.1 9.4 -999.9 0.0 4.4 17.2 400.0 
kumpula 2020 8 7 220 14.2 23.6 20.1 -999.9 0.0 2.6 18.5 400.0 
kumpula 2020 8 8 221 15.6 26.6 23.5 -999.9 0.0 3.3 16.5 400.0 
kumpula 2020 8 9 222 15.8 26.9 23.5 -999.9 0.0 3.6 17.2 400.0 
kumpula 2020 8 10 223 14.9 23.6 23.4 -999.9 0.0 4.3 12.3 400.0 
kumpula 2020 8 11 224 11.5 20.1 16.9 -999.9 0.0 4.1 10.3 400.0 
kumpula 2020 8 12 225 9.8 19.1 14.7 -999.9 4.7 2.8 11.4 400.0 
kumpula 2020 8 13 226 13.4 17.8 12.2 -999.9 0.0 4.2 14.6 400.0 
kumpula 2020 8 14 227 11.1 20.8 16.1 -999.9 0.0 3.2 14.4 400.0 
kumpula 2020 8 15 228 14.5 24.3 19.9 -999.9 0.0 3.3 18.8 400.0 
kumpula 2020 8 16 229 16.7 27.1 22.0 -999.9 0.0 4.4 15.1 400.0 
kumpula 2020 8 17 230 9.8 24.1 21.9 -999.9 0.0 3.1 10.8 400.0 
kumpula 2020 8 18 231 9.1 22.5 21.9 -999.9 0.0 2.5 13.2 400.0 
kumpula 2020 8 19 232 14.5 22.6 20.4 -999.9 0.0 2.9 15.8 400.0 
kumpula 2020 8 20 233 13.4 23.7 20.8 -999.9 0.0 2.7 15.9 400.0 
kumpula 2020 8 21 234 15.5 24.2 20.4 -999.9 1.9 3.7 16.2 400.0 
kumpula 2020 8 22 235 16.9 20.9 3.3 -999.9 13.8 5.3 19.6 400.0 
kumpula 2020 8 23 236 17.5 22.4 15.5 -999.9 20.5 5.7 18.8 400.0 
kumpula 2020 8 24 237 13.8 21.2 11.2 -999.9 8.0 4.2 17.6 400.0 
kumpula 2020 8 25 238 10.6 19.4 14.7 -999.9 0.3 3.0 13.3 400.0 
kumpula 2020 8 26 239 8.7 19.0 15.0 -999.9 0.8 3.1 11.3 400.0 
kumpula 2020 8 27 240 9.9 18.8 18.7 -999.9 0.0 2.9 11.1 400.0 
kumpula 2020 8 28 241 8.6 19.0 13.9 -999.9 0.0 2.9 10.6 400.0 
kumpula 2020 8 29 242 7.1 18.6 16.4 -999.9 12.2 4.0 11.6 400.0 
kumpula 2020 8 30 243 11.1 16.4 2.8 -999.9 2.9 3.7 15.1 400.0 
kumpula 2020 8 31 244 12.7 15.4 5.6 -999.9 1.0 3.0 14.6 400.0 
kumpula 2020 9 1 245 8.6 19.3 18.4 -999.9 0.0 3.1 11.5 400.0 
kumpula 2020 9 2 246 8.1 17.7 13.9 -999.9 0.0 5.6 11.6 400.0 
kumpula 2020 9 3 247 15.4 18.6 4.3 -999.9 1.0 5.2 17.3 400.0 
kumpula 2020 9 4 248 14.8 19.4 7.7 -999.9 3.6 5.7 17.4 400.0 
kumpula 2020 9 5 249 12.8 19.1 6.4 -999.9 10.7 5.7 16.0 400.0 
kumpula 2020 9 6 250 12.1 17.7 12.8 -999.9 6.7 4.6 14.3 400.0 
kumpula 2020 9 7 251 9.5 18.3 14.7 -999.9 1.2 3.7 13.1 400.0 
kumpula 2020 9 8 252 8.4 15.7 4.1 -999.9 11.0 4.4 13.0 400.0 
kumpula 2020 9 9 253 9.2 16.3 7.3 -999.9 10.6 5.1 13.7 400.0 
kumpula 2020 9 10 254 10.9 15.7 14.2 -999.9 0.0 8.2 11.1 400.0 
kumpula 2020 9 11 255 7.9 16.5 10.2 -999.9 2.0 4.5 10.3 400.0 
kumpula 2020 9 12 256 11.9 14.9 3.5 -999.9 20.2 7.9 14.0 400.0 
kumpula 2020 9 13 257 10.9 16.7 14.1 -999.9 0.0 6.4 11.9 400.0 
kumpula 2020 9 14 258 8.8 18.7 12.8 -999.9 0.0 4.3 13.0 400.0 
kumpula 2020 9 15 259 9.4 18.1 10.8 -999.9 0.0 2.5 12.4 400.0 
kumpula 2020 9 16 260 12.3 18.0 4.3 -999.9 0.5 5.3 15.5 400.0 
kumpula 2020 9 17 261 7.8 13.5 6.8 -999.9 0.0 7.8 9.6 400.0 
kumpula 2020 9 18 262 5.6 15.0 11.6 -999.9 0.0 4.9 9.3 400.0 
kumpula 2020 9 19 263 6.5 15.1 13.5 -999.9 0.0 4.9 9.7 400.0 
kumpula 2020 9 20 264 5.3 15.6 11.0 -999.9 0.0 4.7 10.6 400.0 
kumpula 2020 9 21 265 9.8 14.7 8.4 -999.9 0.0 5.9 12.1 400.0 
kumpula 2020 9 22 266 10.7 16.6 6.6 -999.9 0.0 4.9 13.6 400.0 
kumpula 2020 9 23 267 9.0 17.8 10.6 -999.9 0.0 3.4 13.6 400.0 
kumpula 2020 9 24 268 12.2 20.7 11.2 -999.9 0.0 3.5 15.6 400.0 
kumpula 2020 9 25 269 14.4 17.6 5.6 -999.9 0.4 3.4 16.0 400.0 
kumpula 2020 9 26 270 13.3 17.4 9.1 -999.9 0.0 4.7 14.5 400.0 
kumpula 2020 9 27 271 13.0 20.2 10.6 -999.9 0.0 4.2 14.4 400.0 
kumpula 2020 9 28 272 12.3 16.7 9.8 -999.9 0.0 4.2 13.1 400.0 
kumpula 2020 9 29 273 12.6 14.2 1.6 -999.9 0.0 3.0 14.2 400.0 
kumpula 2020 9 30 274 12.3 15.2 7.0 -999.9 0.0 3.1 14.0 400.0 
kumpula 2020 10 1 275 9.6 15.7 8.0 -999.9 0.0 3.6 12.4 400.0 
kumpula 2020 10 2 276 10.1 15.4 8.6 -999.9 0.0 4.0 12.1 400.0 
kumpula 2020 10 3 277 10.1 14.9 7.2 -999.9 0.1 6.2 12.0 400.0 
kumpula 2020 10 4 278 12.1 14.4 1.7 -999.9 1.7 8.8 13.5 400.0 
kumpula 2020 10 5 279 12.3 17.2 10.3 -999.9 4.7 4.5 14.7 400.0 
kumpula 2020 10 6 280 13.3 15.6 3.0 -999.9 0.8 6.5 14.4 400.0 
kumpula 2020 10 7 281 11.4 14.6 4.9 -999.9 5.0 3.6 13.1 400.0 
kumpula 2020 10 8 282 12.3 14.8 3.9 -999.9 0.7 4.4 14.2 400.0 
kumpula 2020 10 9 283 10.4 13.0 2.7 -999.9 2.0 5.4 12.1 400.0 
kumpula 2020 10 10 284 9.7 13.7 6.4 -999.9 5.2 4.4 11.3 400.0 
kumpula 2020 10 11 285 8.9 14.0 3.4 -999.9 1.3 3.1 12.1 400.0 
kumpula 2020 10 12 286 6.2 12.8 6.0 -999.9 3.5 4.1 10.5 400.0 
kumpula 2020 10 13 287 6.5 11.8 6.1 -999.9 0.2 2.2 9.7 400.0 
kumpula 2020 10 14 288 3.8 9.8 5.6 -999.9 0.0 4.6 8.6 400.0 
kumpula 2020 10 15 289 3.0 7.6 6.6 -999.9 0.0 3.6 7.3 400.0 
kumpula 2020 10 16 290 1.0 7.4 6.3 -999.9 0.0 3.6 6.9 400.0 
kumpula 2020 10 17 291 0.3 9.8 6.2 -999.9 0.0 4.8 7.2 400.0 
kumpula 2020 10 18 292 1.3 9.0 4.4 -999.9 2.5 4.6 7.5 400.0 
kumpula 2020 10 19 293 0.8 3.6 5.4 -999.9 0.0 4.9 6.2 400.0 
kumpula 2020 10 20 294 -1.0 3.6 3.4 -999.9 4.2 2.9 5.7 400.0 
kumpula 2020 10 21 295 -0.9 7.3 0.4 -999.9 5.9 5.3 7.2 400.0 
kumpula 2020 10 22 296 7.3 11.5 0.4 -999.9 14.2 4.9 11.5 400.0 
kumpula 2020 10 23 297 4.6 11.7 2.6 -999.9 0.0 4.9 9.8 400.0 
kumpula 2020 10 24 298 0.2 6.1 3.9 -999.9 0.9 3.0 6.4 400.0 
kumpula 2020 10 25 299 3.3 8.9 1.3 -999.9 0.0 3.1 8.4 400.0 
kumpula 2020 10 26 300 8.8 10.8 1.0 -999.9 0.7 6.0 11.3 400.0 
kumpula 2020 10 27 301 9.4 11.7 0.2 -999.9 10.3 5.2 12.4 400.0 
kumpula 2020 10 28 302 8.1 11.5 2.1 -999.9 2.1 6.9 10.9 400.0 
kumpula 2020 10 29 303 9.1 11.2 1.5 -999.9 0.0 4.7 11.5 400.0 
kumpula 2020 10 30 304 7.6 10.3 0.9 -999.9 0.3 1.8 11.1 400.0 
kumpula 2020 10 31 305 5.5 8.4 0.9 -999.9 0.4 1.7 9.5 400.0 
kumpula 2020 11 1 306 7.2 8.9 0.7 -999.9 0.0 5.5 9.2 400.0 
kumpula 2020 11 2 307 6.7 9.0 1.0 -999.9 5.6 7.6 7.5 400.0 
kumpula 2020 11 3 308 8.8 12.8 3.0 -999.9 0.0 7.0 11.2 400.0 
kumpula 2020 11 4 309 5.4 10.1 1.0 -999.9 2.9 4.6 9.7 400.0 
kumpula 2020 11 5 310 3.5 9.3 1.6 -999.9 0.0 6.6 7.7 400.0 
kumpula 2020 11 6 311 4.3 11.0 3.4 -999.9 0.0 5.5 8.3 400.0 
kumpula 2020 11 7 312 5.6 11.5 3.1 -999.9 0.0 5.2 9.4 400.0 
kumpula 2020 11 8 313 1.1 9.0 3.7 -999.9 0.1 4.1 7.0 400.0 
kumpula 2020 11 9 314 0.0 7.6 2.7 -999.9 0.0 5.0 7.1 400.0 
kumpula 2020 11 10 315 0.1 3.8 2.4 -999.9 0.0 1.7 6.9 400.0 
kumpula 2020 11 11 316 -0.9 7.1 0.6 -999.9 5.3 2.3 7.3 400.0 
kumpula 2020 11 12 317 6.0 8.1 1.7 -999.9 0.0 4.5 7.5 400.0 
kumpula 2020 11 13 318 5.0 6.3 0.3 -999.9 0.0 4.6 6.8 400.0 
kumpula 2020 11 14 319 4.2 5.1 0.4 -999.9 0.0 4.1 7.1 400.0 
kumpula 2020 11 15 320 3.0 4.4 1.1 -999.9 0.0 4.8 6.6 400.0 
kumpula 2020 11 16 321 3.1 5.2 0.2 -999.9 6.2 5.7 7.4 400.0 
kumpula 2020 11 17 322 5.0 7.0 0.2 -999.9 12.2 7.0 8.8 400.0 
kumpula 2020 11 18 323 6.9 10.4 1.8 -999.9 4.0 7.8 10.7 400.0 
kumpula 2020 11 19 324 6.6 10.8 0.3 -999.9 10.6 10.3 10.1 400.0 
kumpula 2020 11 20 325 -1.9 6.7 1.2 -999.9 0.0 5.9 6.8 400.0 
kumpula 2020 11 21 326 -2.7 5.4 0.7 -999.9 17.2 7.3 6.0 400.0 
kumpula 2020 11 22 327 5.1 7.1 1.9 -999.9 0.0 5.3 7.8 400.0 
kumpula 2020 11 23 328 3.5 6.7 2.1 -999.9 0.4 5.1 7.4 400.0 
kumpula 2020 11 24 329 0.6 4.3 1.0 -999.9 0.0 3.7 6.2 400.0 
kumpula 2020 11 25 330 -0.4 8.1 0.3 -999.9 4.6 4.5 7.5 400.0 
kumpula 2020 11 26 331 2.4 8.4 0.3 -999.9 1.2 4.4 8.1 400.0 
kumpula 2020 11 27 332 -0.1 2.6 0.6 -999.9 0.0 4.3 5.5 400.0 
kumpula 2020 11 28 333 0.5 1.9 0.4 -999.9 1.3 4.2 5.6 400.0 
kumpula 2020 11 29 334 -0.4 1.7 0.1 -999.9 3.5 3.9 5.9 400.0 
kumpula 2020 11 30 335 -0.8 1.8 0.2 -999.9 2.8 3.7 5.8 400.0 
kumpula 2020 12 1 336 0.6 5.8 0.5 -999.9 2.1 5.2 7.0 400.0 
kumpula 2020 12 2 337 1.6 4.7 0.7 -999.9 0.0 6.2 6.3 400.0 
kumpula 2020 12 3 338 -1.1 1.6 0.1 -999.9 0.0 5.6 5.0 400.0 
kumpula 2020 12 4 339 0.0 2.1 0.2 -999.9 3.5 7.7 5.6 400.0 
kumpula 2020 12 5 340 2.0 4.5 0.1 -999.9 0.0 5.7 6.9 400.0 
kumpula 2020 12 6 341 3.3 4.3 0.1 -999.9 0.0 5.2 7.0 400.0 
kumpula 2020 12 7 342 0.4 3.7 1.6 -999.9 0.0 6.5 4.3 400.0 
kumpula 2020 12 8 343 -0.9 0.5 1.2 -999.9 0.0 5.7 4.2 400.0 
kumpula 2020 12 9 344 -3.4 -0.4 0.5 -999.9 0.0 5.0 3.9 400.0 
kumpula 2020 12 10 345 -2.7 -0.3 0.3 -999.9 0.0 4.3 4.3 400.0 
kumpula 2020 12 11 346 -3.3 0.1 0.1 -999.9 0.0 4.5 4.6 400.0 
kumpula 2020 12 12 347 -0.6 3.1 0.2 -999.9 0.0 4.7 6.0 400.0 
kumpula 2020 12 13 348 -3.5 -0.3 0.4 -999.9 0.0 3.6 4.2 400.0 
kumpula 2020 12 14 349 -1.4 -0.7 0.1 -999.9 0.0 2.1 4.6 400.0 
kumpula 2020 12 15 350 -0.9 3.0 0.2 -999.9 10.9 4.6 6.0 400.0 
kumpula 2020 12 16 351 1.1 4.7 0.1 -999.9 3.1 5.9 7.2 400.0 
kumpula 2020 12 17 352 -0.4 4.6 0.4 -999.9 3.0 3.8 6.4 400.0 
kumpula 2020 12 18 353 -0.6 4.2 0.1 -999.9 8.5 4.2 6.8 400.0 
kumpula 2020 12 19 354 1.6 6.0 0.3 -999.9 1.5 4.2 7.9 400.0 
kumpula 2020 12 20 355 3.8 6.3 0.1 -999.9 1.3 7.4 8.5 400.0 
kumpula 2020 12 21 356 2.7 4.1 0.1 -999.9 4.9 7.3 7.6 400.0 
kumpula 2020 12 22 357 2.9 4.8 0.2 -999.9 3.5 5.6 7.6 400.0 
kumpula 2020 12 23 358 0.4 4.1 0.1 -999.9 2.3 4.9 6.8 400.0 
kumpula 2020 12 24 359 1.1 3.6 0.3 -999.9 0.0 2.7 6.6 400.0 
kumpula 2020 12 25 360 -0.2 1.3 0.3 -999.9 0.1 4.6 5.6 400.0 
kumpula 2020 12 26 361 -2.0 0.4 0.4 -999.9 0.0 3.0 5.0 400.0 
kumpula 2020 12 27 362 -2.8 1.5 0.2 -999.9 0.6 7.5 4.9 400.0 
kumpula 2020 12 28 363 -0.7 1.5 0.2 -999.9 4.8 8.6 5.3 400.0 
kumpula 2020 12 29 364 0.3 1.6 0.1 -999.9 7.3 8.3 6.1 400.0 
kumpula 2020 12 30 365 0.4 4.3 0.1 -999.9 3.7 7.3 6.6 400.0 
kumpula 2020 12 31 366 1.2 3.5 0.2 -999.9 2.9 2.4 7.0 400.0 
