kumpula 2019 1 1 1 0.0 4.1 0.3 -999.9 0.4 5.4 6.9 400.0 
kumpula 2019 1 2 2 -6.5 1.9 0.5 -999.9 0.6 8.0 4.0 400.0 
kumpula 2019 1 3 3 -12.4 -6.5 1.5 -999.9 3.0 4.2 2.4 400.0 
kumpula 2019 1 4 4 -13.2 0.8 0.5 -999.9 1.0 5.0 3.6 400.0 
kumpula 2019 1 5 5 -5.6 -0.6 0.8 -999.9 0.0 4.1 4.2 400.0 
kumpula 2019 1 6 6 -7.8 -0.1 0.5 -999.9 1.6 3.7 4.1 400.0 
kumpula 2019 1 7 7 -0.8 2.1 0.5 -999.9 3.7 3.8 6.3 400.0 
kumpula 2019 1 8 8 -1.0 1.2 0.2 -999.9 11.3 2.8 6.1 400.0 
kumpula 2019 1 9 9 -4.3 -0.2 0.6 -999.9 0.7 3.5 4.9 400.0 
kumpula 2019 1 10 10 -6.5 -3.2 0.3 -999.9 2.5 3.8 3.9 400.0 
kumpula 2019 1 11 11 -4.4 1.6 1.1 -999.9 0.0 7.3 4.8 400.0 
kumpula 2019 1 12 12 -5.0 1.5 1.5 -999.9 0.0 4.3 4.7 400.0 
kumpula 2019 1 13 13 -6.7 0.5 1.2 -999.9 3.8 3.2 4.6 400.0 
kumpula 2019 1 14 14 -6.1 0.1 0.8 -999.9 1.3 3.8 4.6 400.0 
kumpula 2019 1 15 15 -10.1 -4.8 0.7 -999.9 0.4 4.1 3.2 400.0 
kumpula 2019 1 16 16 -8.8 -3.7 1.8 -999.9 11.5 3.8 3.3 400.0 
kumpula 2019 1 17 17 -8.4 -1.6 0.5 -999.9 1.6 5.3 3.8 400.0 
kumpula 2019 1 18 18 -12.4 -6.5 1.3 -999.9 0.0 3.4 2.6 400.0 
kumpula 2019 1 19 19 -13.7 -0.3 1.9 -999.9 3.3 4.6 3.2 400.0 
kumpula 2019 1 20 20 -12.5 -0.9 2.2 -999.9 0.0 4.6 3.2 400.0 
kumpula 2019 1 21 21 -17.6 -12.3 2.4 -999.9 0.0 2.8 1.6 400.0 
kumpula 2019 1 22 22 -21.7 -10.8 2.2 -999.9 0.8 2.3 1.5 400.0 
kumpula 2019 1 23 23 -13.2 -0.4 0.5 -999.9 2.6 4.6 3.5 400.0 
kumpula 2019 1 24 24 -11.4 -1.5 2.4 -999.9 0.0 3.2 3.2 400.0 
kumpula 2019 1 25 25 -10.8 -2.6 0.4 -999.9 2.4 3.8 3.3 400.0 
kumpula 2019 1 26 26 -10.3 -5.1 1.2 -999.9 2.4 3.5 3.0 400.0 
kumpula 2019 1 27 27 -16.3 -10.1 3.0 -999.9 0.0 2.5 1.9 400.0 
kumpula 2019 1 28 28 -16.7 -5.5 1.2 -999.9 12.8 7.2 2.3 400.0 
kumpula 2019 1 29 29 -5.9 -4.1 0.9 -999.9 8.7 4.1 3.8 400.0 
kumpula 2019 1 30 30 -4.9 0.4 0.9 -999.9 1.4 3.0 4.8 400.0 
kumpula 2019 1 31 31 -3.6 0.5 2.4 -999.9 0.0 2.0 5.1 400.0 
kumpula 2019 2 1 32 -5.9 -1.5 0.7 -999.9 1.0 6.4 4.2 400.0 
kumpula 2019 2 2 33 -4.7 -2.2 0.5 -999.9 5.0 7.9 4.4 400.0 
kumpula 2019 2 3 34 -3.4 1.7 0.3 -999.9 7.5 8.3 5.4 400.0 
kumpula 2019 2 4 35 -6.3 0.9 1.3 -999.9 2.7 5.0 4.1 400.0 
kumpula 2019 2 5 36 -6.4 0.9 0.6 -999.9 7.9 7.5 4.8 400.0 
kumpula 2019 2 6 37 -8.7 -0.6 4.0 -999.9 3.0 3.6 4.0 400.0 
kumpula 2019 2 7 38 -6.4 1.4 0.8 -999.9 1.5 5.4 4.8 400.0 
kumpula 2019 2 8 39 0.4 2.2 0.6 -999.9 1.5 6.7 6.3 400.0 
kumpula 2019 2 9 40 1.3 2.3 0.6 -999.9 8.7 6.7 6.5 400.0 
kumpula 2019 2 10 41 0.3 2.6 1.0 -999.9 4.0 7.6 6.4 400.0 
kumpula 2019 2 11 42 0.4 2.8 0.5 -999.9 8.7 3.0 6.7 400.0 
kumpula 2019 2 12 43 -2.8 0.6 4.9 -999.9 0.0 5.1 4.7 400.0 
kumpula 2019 2 13 44 -5.3 0.8 1.5 -999.9 2.4 4.5 4.9 400.0 
kumpula 2019 2 14 45 -0.1 2.8 4.2 -999.9 0.0 5.6 5.9 400.0 
kumpula 2019 2 15 46 1.6 7.4 3.9 -999.9 0.0 5.8 6.5 400.0 
kumpula 2019 2 16 47 0.3 6.6 5.6 -999.9 0.0 5.3 6.3 400.0 
kumpula 2019 2 17 48 -1.3 4.1 6.0 -999.9 0.0 4.9 4.4 400.0 
kumpula 2019 2 18 49 -3.6 2.1 3.3 -999.9 0.4 5.9 4.8 400.0 
kumpula 2019 2 19 50 1.3 1.9 0.5 -999.9 5.1 6.0 6.8 400.0 
kumpula 2019 2 20 51 -4.1 2.5 2.8 -999.9 0.0 7.0 4.5 400.0 
kumpula 2019 2 21 52 -8.9 -3.9 7.2 -999.9 0.0 4.2 2.2 400.0 
kumpula 2019 2 22 53 -12.2 -2.1 7.4 -999.9 1.2 3.5 2.2 400.0 
kumpula 2019 2 23 54 -5.3 4.9 4.8 -999.9 0.2 5.6 5.2 400.0 
kumpula 2019 2 24 55 0.4 4.0 1.9 -999.9 0.0 5.6 6.2 400.0 
kumpula 2019 2 25 56 3.5 8.0 7.5 -999.9 0.5 7.1 5.7 400.0 
kumpula 2019 2 26 57 0.8 5.4 6.2 -999.9 0.0 3.8 6.5 400.0 
kumpula 2019 2 27 58 -0.9 5.2 4.1 -999.9 0.0 5.0 5.3 400.0 
kumpula 2019 2 28 59 -1.4 4.6 3.7 -999.9 0.3 6.4 5.0 400.0 
kumpula 2019 3 1 60 -7.9 -1.4 9.0 -999.9 0.0 4.3 2.6 400.0 
kumpula 2019 3 2 61 -6.4 3.1 7.3 -999.9 0.0 6.7 4.0 400.0 
kumpula 2019 3 3 62 -8.6 1.1 7.2 -999.9 0.0 4.1 3.4 400.0 
kumpula 2019 3 4 63 -5.4 -1.7 2.9 -999.9 2.8 3.7 3.9 400.0 
kumpula 2019 3 5 64 -7.7 -1.6 6.3 -999.9 0.0 5.9 3.0 400.0 
kumpula 2019 3 6 65 -15.2 -3.0 9.9 -999.9 0.3 4.6 2.0 400.0 
kumpula 2019 3 7 66 -3.3 0.5 1.9 -999.9 10.3 5.1 5.1 400.0 
kumpula 2019 3 8 67 0.3 4.7 5.6 -999.9 7.4 6.7 6.8 400.0 
kumpula 2019 3 9 68 -2.3 3.1 7.2 -999.9 5.5 6.9 5.4 400.0 
kumpula 2019 3 10 69 -3.0 1.7 7.9 -999.9 0.0 3.7 4.6 400.0 
kumpula 2019 3 11 70 -7.5 -2.9 6.1 -999.9 0.3 3.2 3.5 400.0 
kumpula 2019 3 12 71 -9.8 -1.2 8.6 -999.9 0.0 3.8 3.3 400.0 
kumpula 2019 3 13 72 -10.6 0.1 5.2 -999.9 4.9 4.8 3.4 400.0 
kumpula 2019 3 14 73 -1.6 2.2 3.4 -999.9 0.7 4.8 5.7 400.0 
kumpula 2019 3 15 74 1.2 2.3 1.9 -999.9 4.4 4.3 6.6 400.0 
kumpula 2019 3 16 75 0.8 3.2 1.7 -999.9 3.0 3.9 6.8 400.0 
kumpula 2019 3 17 76 0.3 2.5 3.7 -999.9 9.8 5.5 6.4 400.0 
kumpula 2019 3 18 77 1.2 4.3 4.1 -999.9 1.7 5.5 6.5 400.0 
kumpula 2019 3 19 78 1.7 5.4 4.3 -999.9 0.2 3.2 7.3 400.0 
kumpula 2019 3 20 79 -0.6 2.8 6.8 -999.9 1.7 5.6 5.9 400.0 
kumpula 2019 3 21 80 -0.2 5.4 7.7 -999.9 0.0 5.1 6.3 400.0 
kumpula 2019 3 22 81 0.7 7.6 14.6 -999.9 0.0 6.2 4.2 400.0 
kumpula 2019 3 23 82 0.5 3.4 2.0 -999.9 0.4 6.2 6.2 400.0 
kumpula 2019 3 24 83 0.4 6.9 13.3 -999.9 0.0 6.4 4.9 400.0 
kumpula 2019 3 25 84 -1.3 5.1 9.7 -999.9 0.0 3.8 5.4 400.0 
kumpula 2019 3 26 85 -3.5 3.9 16.0 -999.9 0.0 4.2 3.3 400.0 
kumpula 2019 3 27 86 -5.1 3.9 14.9 -999.9 0.0 3.3 3.9 400.0 
kumpula 2019 3 28 87 -1.9 8.4 10.4 -999.9 0.0 4.0 6.0 400.0 
kumpula 2019 3 29 88 2.0 12.0 13.3 -999.9 0.0 5.3 7.6 400.0 
kumpula 2019 3 30 89 1.6 10.5 12.1 -999.9 1.0 4.8 7.5 400.0 
kumpula 2019 3 31 90 1.4 5.4 6.3 -999.9 0.2 4.7 6.3 400.0 
kumpula 2019 4 1 91 -1.5 8.3 17.3 -999.9 0.0 5.4 4.6 400.0 
kumpula 2019 4 2 92 -0.1 6.8 16.4 -999.9 0.1 4.7 5.3 400.0 
kumpula 2019 4 3 93 1.2 11.7 17.4 -999.9 0.0 4.1 4.8 400.0 
kumpula 2019 4 4 94 3.7 13.0 17.3 -999.9 0.0 3.0 5.1 400.0 
kumpula 2019 4 5 95 0.1 12.6 16.1 -999.9 0.0 2.9 5.1 400.0 
kumpula 2019 4 6 96 1.7 11.1 18.6 -999.9 0.0 3.8 4.9 400.0 
kumpula 2019 4 7 97 0.8 10.6 16.0 -999.9 0.0 3.5 5.5 400.0 
kumpula 2019 4 8 98 0.6 9.3 2.3 -999.9 4.3 3.1 7.9 400.0 
kumpula 2019 4 9 99 0.3 4.4 5.4 -999.9 1.9 3.3 6.7 400.0 
kumpula 2019 4 10 100 -1.6 2.3 7.6 -999.9 0.0 5.1 4.6 400.0 
kumpula 2019 4 11 101 -3.9 4.5 11.3 -999.9 0.0 3.1 4.0 400.0 
kumpula 2019 4 12 102 -4.2 6.2 19.6 -999.9 0.0 2.9 3.6 400.0 
kumpula 2019 4 13 103 1.4 6.2 8.2 -999.9 0.0 2.6 3.8 400.0 
kumpula 2019 4 14 104 2.8 8.8 8.9 -999.9 0.0 2.3 4.4 400.0 
kumpula 2019 4 15 105 -1.8 10.4 20.8 -999.9 0.0 2.8 3.9 400.0 
kumpula 2019 4 16 106 0.0 14.1 21.2 -999.9 0.0 2.4 5.0 400.0 
kumpula 2019 4 17 107 0.0 12.7 21.7 -999.9 0.0 2.6 5.6 400.0 
kumpula 2019 4 18 108 3.7 16.5 21.2 -999.9 0.0 2.5 6.4 400.0 
kumpula 2019 4 19 109 4.2 17.5 19.2 -999.9 0.0 3.6 5.2 400.0 
kumpula 2019 4 20 110 4.5 13.5 13.9 -999.9 0.0 3.2 7.1 400.0 
kumpula 2019 4 21 111 3.6 10.0 22.3 -999.9 0.0 3.1 6.6 400.0 
kumpula 2019 4 22 112 3.8 16.8 16.2 -999.9 0.0 3.8 7.4 400.0 
kumpula 2019 4 23 113 5.8 19.1 21.6 -999.9 0.0 3.8 7.9 400.0 
kumpula 2019 4 24 114 4.8 18.0 21.5 -999.9 0.0 2.4 7.4 400.0 
kumpula 2019 4 25 115 7.4 18.1 13.4 -999.9 0.1 3.6 5.9 400.0 
kumpula 2019 4 26 116 10.6 16.1 6.2 -999.9 0.0 3.2 9.0 400.0 
kumpula 2019 4 27 117 8.8 20.2 21.9 -999.9 0.0 3.3 9.1 400.0 
kumpula 2019 4 28 118 4.3 14.4 24.2 -999.9 0.0 5.2 6.5 400.0 
kumpula 2019 4 29 119 -1.5 10.5 24.0 -999.9 0.0 2.7 4.5 400.0 
kumpula 2019 4 30 120 1.7 11.8 18.5 -999.9 0.0 2.5 5.3 400.0 
kumpula 2019 5 1 121 2.0 14.9 21.8 -999.9 4.6 4.5 6.7 400.0 
kumpula 2019 5 2 122 2.7 8.2 3.6 -999.9 12.5 2.9 8.2 400.0 
kumpula 2019 5 3 123 -0.1 5.2 14.6 -999.9 0.0 6.3 4.5 400.0 
kumpula 2019 5 4 124 -1.7 6.9 14.7 -999.9 5.2 3.5 6.0 400.0 
kumpula 2019 5 5 125 -0.8 9.4 25.2 -999.9 0.0 5.2 6.3 400.0 
kumpula 2019 5 6 126 2.6 11.5 26.1 -999.9 0.2 4.2 6.6 400.0 
kumpula 2019 5 7 127 5.3 10.6 20.2 -999.9 0.1 4.6 7.4 400.0 
kumpula 2019 5 8 128 3.9 11.8 22.7 -999.9 0.0 5.9 7.3 400.0 
kumpula 2019 5 9 129 3.2 13.8 25.4 -999.9 0.0 6.1 5.5 400.0 
kumpula 2019 5 10 130 6.7 12.3 5.2 -999.9 4.0 3.2 10.0 400.0 
kumpula 2019 5 11 131 7.5 12.1 5.8 -999.9 10.0 3.1 11.5 400.0 
kumpula 2019 5 12 132 5.9 13.8 19.6 -999.9 0.0 5.3 10.2 400.0 
kumpula 2019 5 13 133 4.3 12.5 12.6 -999.9 0.0 3.2 6.5 400.0 
kumpula 2019 5 14 134 6.5 14.2 19.7 -999.9 0.1 3.6 6.4 400.0 
kumpula 2019 5 15 135 4.1 14.9 28.3 -999.9 0.0 3.5 5.3 400.0 
kumpula 2019 5 16 136 4.4 17.9 27.6 -999.9 0.0 2.8 6.3 400.0 
kumpula 2019 5 17 137 6.3 19.9 28.1 -999.9 0.0 2.4 6.9 400.0 
kumpula 2019 5 18 138 8.3 20.8 28.1 -999.9 0.0 3.0 7.5 400.0 
kumpula 2019 5 19 139 11.5 21.6 24.0 -999.9 0.0 3.7 9.6 400.0 
kumpula 2019 5 20 140 13.6 22.0 18.5 -999.9 0.5 3.2 12.7 400.0 
kumpula 2019 5 21 141 15.2 25.3 19.6 -999.9 0.0 2.5 15.2 400.0 
kumpula 2019 5 22 142 14.6 22.4 24.9 -999.9 0.1 2.6 14.9 400.0 
kumpula 2019 5 23 143 9.7 17.6 18.8 -999.9 0.6 5.7 11.9 400.0 
kumpula 2019 5 24 144 8.3 10.2 5.9 -999.9 2.0 5.0 9.9 400.0 
kumpula 2019 5 25 145 8.4 14.7 18.1 -999.9 1.1 5.2 11.9 400.0 
kumpula 2019 5 26 146 7.7 11.6 8.1 -999.9 14.6 4.6 10.9 400.0 
kumpula 2019 5 27 147 8.4 14.3 15.2 -999.9 0.7 3.8 10.7 400.0 
kumpula 2019 5 28 148 9.0 16.6 17.2 -999.9 4.7 3.1 12.6 400.0 
kumpula 2019 5 29 149 10.7 16.6 21.8 -999.9 0.0 4.8 11.1 400.0 
kumpula 2019 5 30 150 5.9 16.9 30.3 -999.9 4.3 5.6 7.0 400.0 
kumpula 2019 5 31 151 8.4 15.9 26.9 -999.9 0.0 6.6 9.0 400.0 
kumpula 2019 6 1 152 7.3 17.4 21.2 -999.9 3.0 4.7 10.7 400.0 
kumpula 2019 6 2 153 9.8 18.4 17.0 -999.9 0.0 4.9 11.4 400.0 
kumpula 2019 6 3 154 6.2 17.6 29.7 -999.9 9.7 3.5 7.8 400.0 
kumpula 2019 6 4 155 12.7 24.1 20.8 -999.9 0.0 5.0 15.9 400.0 
kumpula 2019 6 5 156 12.8 25.0 27.2 -999.9 0.1 1.9 14.7 400.0 
kumpula 2019 6 6 157 14.6 27.2 29.0 -999.9 0.0 2.8 15.3 400.0 
kumpula 2019 6 7 158 18.5 26.4 25.5 -999.9 0.0 2.9 17.7 400.0 
kumpula 2019 6 8 159 17.9 27.6 29.7 -999.9 1.8 2.5 18.4 400.0 
kumpula 2019 6 9 160 16.5 22.8 27.8 -999.9 0.0 6.0 16.5 400.0 
kumpula 2019 6 10 161 13.0 19.8 30.6 -999.9 0.0 6.4 11.7 400.0 
kumpula 2019 6 11 162 11.8 22.5 27.6 -999.9 0.0 3.2 11.0 400.0 
kumpula 2019 6 12 163 12.4 19.1 24.9 -999.9 0.0 6.4 9.4 400.0 
kumpula 2019 6 13 164 12.4 16.5 15.9 -999.9 0.6 7.4 12.3 400.0 
kumpula 2019 6 14 165 12.8 16.7 6.4 -999.9 0.0 3.1 15.3 400.0 
kumpula 2019 6 15 166 13.2 22.5 27.4 -999.9 0.0 3.6 15.3 400.0 
kumpula 2019 6 16 167 11.8 23.8 29.5 -999.9 0.0 3.6 13.4 400.0 
kumpula 2019 6 17 168 13.4 25.7 26.9 -999.9 0.0 3.9 14.4 400.0 
kumpula 2019 6 18 169 13.7 23.8 30.1 -999.9 0.0 5.5 14.2 400.0 
kumpula 2019 6 19 170 13.3 23.7 29.7 -999.9 0.0 4.9 14.2 400.0 
kumpula 2019 6 20 171 14.8 25.8 27.1 -999.9 0.0 3.0 14.4 400.0 
kumpula 2019 6 21 172 17.5 25.9 29.9 -999.9 0.0 4.7 18.9 400.0 
kumpula 2019 6 22 173 13.8 20.4 23.4 -999.9 0.5 5.7 12.9 400.0 
kumpula 2019 6 23 174 12.1 22.6 26.5 -999.9 0.0 4.2 11.4 400.0 
kumpula 2019 6 24 175 13.6 24.3 26.6 -999.9 0.0 4.2 9.8 400.0 
kumpula 2019 6 25 176 10.3 22.4 24.2 -999.9 1.1 3.5 11.0 400.0 
kumpula 2019 6 26 177 12.7 19.4 14.8 -999.9 2.6 2.3 14.1 400.0 
kumpula 2019 6 27 178 13.4 20.5 11.8 -999.9 0.4 3.7 14.7 400.0 
kumpula 2019 6 28 179 10.4 22.4 30.4 -999.9 0.0 5.0 8.4 400.0 
kumpula 2019 6 29 180 9.8 21.6 19.7 -999.9 0.0 5.1 11.1 400.0 
kumpula 2019 6 30 181 13.4 23.5 22.8 -999.9 0.0 4.6 12.7 400.0 
kumpula 2019 7 1 182 16.0 25.1 27.2 -999.9 0.0 6.0 17.3 400.0 
kumpula 2019 7 2 183 12.5 20.3 11.4 -999.9 10.0 4.3 15.8 400.0 
kumpula 2019 7 3 184 11.7 20.7 24.7 -999.9 0.0 5.7 9.6 400.0 
kumpula 2019 7 4 185 9.3 19.1 23.4 -999.9 15.2 5.0 9.6 400.0 
kumpula 2019 7 5 186 10.8 17.1 21.8 -999.9 12.4 5.1 12.6 400.0 
kumpula 2019 7 6 187 10.0 19.7 14.4 -999.9 4.7 2.6 13.9 400.0 
kumpula 2019 7 7 188 9.7 18.7 11.8 -999.9 1.2 1.8 13.8 400.0 
kumpula 2019 7 8 189 12.6 20.3 12.2 -999.9 10.4 2.7 15.2 400.0 
kumpula 2019 7 9 190 11.3 14.7 10.0 -999.9 0.0 4.4 12.1 400.0 
kumpula 2019 7 10 191 12.0 22.1 26.9 -999.9 0.0 3.3 11.1 400.0 
kumpula 2019 7 11 192 11.2 19.8 11.3 -999.9 0.7 3.1 13.2 400.0 
kumpula 2019 7 12 193 8.0 20.6 20.7 -999.9 0.0 3.2 10.8 400.0 
kumpula 2019 7 13 194 12.7 21.2 17.9 -999.9 0.0 3.0 10.7 400.0 
kumpula 2019 7 14 195 10.9 18.8 22.0 -999.9 0.0 3.1 10.3 400.0 
kumpula 2019 7 15 196 12.4 21.2 19.6 -999.9 0.7 3.3 14.3 400.0 
kumpula 2019 7 16 197 14.2 19.9 12.5 -999.9 8.0 4.1 16.5 400.0 
kumpula 2019 7 17 198 11.3 24.2 23.2 -999.9 0.0 2.8 13.6 400.0 
kumpula 2019 7 18 199 11.6 25.1 28.9 -999.9 0.0 3.9 12.1 400.0 
kumpula 2019 7 19 200 14.4 25.1 26.8 -999.9 0.0 4.1 13.2 400.0 
kumpula 2019 7 20 201 12.4 25.7 23.8 -999.9 0.0 3.0 14.0 400.0 
kumpula 2019 7 21 202 13.9 26.6 27.3 -999.9 0.0 2.7 15.0 400.0 
kumpula 2019 7 22 203 17.3 23.5 14.7 -999.9 0.0 2.5 18.1 400.0 
kumpula 2019 7 23 204 16.1 27.1 23.3 -999.9 0.0 2.7 15.9 400.0 
kumpula 2019 7 24 205 15.2 29.3 22.6 -999.9 0.0 3.1 14.5 400.0 
kumpula 2019 7 25 206 18.2 25.8 26.1 -999.9 0.0 3.2 16.2 400.0 
kumpula 2019 7 26 207 16.7 26.3 24.6 -999.9 0.0 3.6 17.2 400.0 
kumpula 2019 7 27 208 18.5 30.5 25.6 -999.9 0.0 2.8 17.3 400.0 
kumpula 2019 7 28 209 20.0 33.1 19.7 -999.9 0.0 4.5 20.0 400.0 
kumpula 2019 7 29 210 16.5 21.7 19.6 -999.9 0.0 3.5 13.3 400.0 
kumpula 2019 7 30 211 10.6 18.0 12.6 -999.9 0.0 5.0 8.7 400.0 
kumpula 2019 7 31 212 11.1 21.4 23.8 -999.9 0.0 3.9 11.1 400.0 
kumpula 2019 8 1 213 11.2 19.9 25.6 -999.9 0.0 3.0 9.7 400.0 
kumpula 2019 8 2 214 9.6 21.0 24.1 -999.9 0.0 4.0 9.2 400.0 
kumpula 2019 8 3 215 8.9 17.8 20.4 -999.9 0.0 3.9 8.8 400.0 
kumpula 2019 8 4 216 6.4 18.8 17.6 -999.9 0.0 3.3 8.5 400.0 
kumpula 2019 8 5 217 8.2 23.7 20.3 -999.9 0.0 4.3 9.4 400.0 
kumpula 2019 8 6 218 11.8 22.0 16.5 -999.9 0.5 2.7 14.3 400.0 
kumpula 2019 8 7 219 14.2 19.9 13.2 -999.9 1.8 3.1 16.3 400.0 
kumpula 2019 8 8 220 13.0 22.0 18.2 -999.9 0.0 2.2 16.6 400.0 
kumpula 2019 8 9 221 13.5 22.7 13.6 -999.9 0.0 2.3 16.0 400.0 
kumpula 2019 8 10 222 11.4 23.5 22.2 -999.9 0.0 2.6 14.6 400.0 
kumpula 2019 8 11 223 16.1 20.4 6.6 -999.9 7.9 4.8 18.4 400.0 
kumpula 2019 8 12 224 16.8 21.8 14.9 -999.9 0.0 5.5 19.0 400.0 
kumpula 2019 8 13 225 15.2 21.4 16.4 -999.9 0.8 5.2 17.1 400.0 
kumpula 2019 8 14 226 15.2 20.7 16.8 -999.9 0.1 6.0 15.2 400.0 
kumpula 2019 8 15 227 13.9 21.2 14.1 -999.9 0.2 4.9 12.8 400.0 
kumpula 2019 8 16 228 12.4 21.3 17.4 -999.9 0.0 4.1 14.5 400.0 
kumpula 2019 8 17 229 16.5 23.0 17.4 -999.9 0.0 3.8 16.4 400.0 
kumpula 2019 8 18 230 16.8 22.0 16.7 -999.9 1.7 5.5 14.5 400.0 
kumpula 2019 8 19 231 15.8 20.6 8.8 -999.9 4.0 5.3 17.4 400.0 
kumpula 2019 8 20 232 14.4 21.3 18.1 -999.9 0.0 5.9 17.1 400.0 
kumpula 2019 8 21 233 15.5 20.5 13.0 -999.9 0.0 4.7 17.8 400.0 
kumpula 2019 8 22 234 12.1 22.7 20.3 -999.9 40.6 5.1 15.0 400.0 
kumpula 2019 8 23 235 12.7 20.3 8.9 -999.9 9.4 5.2 17.2 400.0 
kumpula 2019 8 24 236 13.2 21.9 19.1 -999.9 0.0 4.2 14.2 400.0 
kumpula 2019 8 25 237 9.6 21.1 19.5 -999.9 0.0 3.4 13.3 400.0 
kumpula 2019 8 26 238 15.2 23.9 13.4 -999.9 0.0 3.6 18.6 400.0 
kumpula 2019 8 27 239 13.5 22.6 17.4 -999.9 0.1 2.0 15.7 400.0 
kumpula 2019 8 28 240 12.8 25.4 19.0 -999.9 0.0 2.7 17.4 400.0 
kumpula 2019 8 29 241 16.3 22.9 18.5 -999.9 3.4 3.5 17.1 400.0 
kumpula 2019 8 30 242 17.3 22.3 8.2 -999.9 0.0 3.8 20.6 400.0 
kumpula 2019 8 31 243 14.0 21.7 15.9 -999.9 0.0 3.8 16.6 400.0 
kumpula 2019 9 1 244 14.3 22.5 18.2 -999.9 0.1 3.2 16.6 400.0 
kumpula 2019 9 2 245 14.1 23.5 13.6 -999.9 7.8 4.3 18.1 400.0 
kumpula 2019 9 3 246 12.5 19.5 14.6 -999.9 0.0 3.9 14.0 400.0 
kumpula 2019 9 4 247 10.8 20.1 13.1 -999.9 0.0 4.7 13.7 400.0 
kumpula 2019 9 5 248 11.9 20.0 7.2 -999.9 4.0 5.5 15.4 400.0 
kumpula 2019 9 6 249 13.2 18.0 12.0 -999.9 0.6 4.9 14.6 400.0 
kumpula 2019 9 7 250 9.3 18.4 10.4 -999.9 2.9 3.1 13.8 400.0 
kumpula 2019 9 8 251 12.1 16.7 3.6 -999.9 0.7 3.4 14.0 400.0 
kumpula 2019 9 9 252 14.3 19.1 5.3 -999.9 4.8 3.5 17.3 400.0 
kumpula 2019 9 10 253 15.4 21.9 14.4 -999.9 0.0 4.5 16.7 400.0 
kumpula 2019 9 11 254 14.7 21.1 6.3 -999.9 2.2 6.9 17.0 400.0 
kumpula 2019 9 12 255 14.2 17.5 6.4 -999.9 0.9 7.4 15.3 400.0 
kumpula 2019 9 13 256 10.3 16.8 5.7 -999.9 6.6 4.5 13.3 400.0 
kumpula 2019 9 14 257 7.4 15.1 11.9 -999.9 10.0 4.5 10.3 400.0 
kumpula 2019 9 15 258 6.7 13.6 5.3 -999.9 9.0 5.1 11.2 400.0 
kumpula 2019 9 16 259 7.2 13.7 8.4 -999.9 0.4 4.3 10.6 400.0 
kumpula 2019 9 17 260 4.7 12.1 7.3 -999.9 0.0 2.8 8.9 400.0 
kumpula 2019 9 18 261 5.6 12.6 11.5 -999.9 0.1 3.8 9.0 400.0 
kumpula 2019 9 19 262 0.9 12.8 10.6 -999.9 1.0 3.0 8.0 400.0 
kumpula 2019 9 20 263 0.6 12.1 12.8 -999.9 1.7 3.3 7.3 400.0 
kumpula 2019 9 21 264 5.5 10.6 5.1 -999.9 1.5 2.6 9.8 400.0 
kumpula 2019 9 22 265 3.2 10.4 12.8 -999.9 0.0 3.7 7.3 400.0 
kumpula 2019 9 23 266 -0.4 11.6 11.0 -999.9 0.0 3.3 6.9 400.0 
kumpula 2019 9 24 267 3.2 10.3 7.1 -999.9 3.2 2.1 8.2 400.0 
kumpula 2019 9 25 268 6.7 8.2 2.6 -999.9 0.5 2.5 9.4 400.0 
kumpula 2019 9 26 269 2.6 13.9 12.0 -999.9 0.0 2.5 8.6 400.0 
kumpula 2019 9 27 270 3.6 13.5 7.9 -999.9 0.0 2.2 9.7 400.0 
kumpula 2019 9 28 271 9.1 13.7 11.0 -999.9 2.3 4.4 10.9 400.0 
kumpula 2019 9 29 272 10.4 14.8 5.1 -999.9 0.5 4.2 13.2 400.0 
kumpula 2019 9 30 273 11.1 14.2 4.0 -999.9 8.4 3.7 13.5 400.0 
kumpula 2019 10 1 274 4.2 12.6 7.4 -999.9 2.6 5.1 9.1 400.0 
kumpula 2019 10 2 275 3.3 8.8 5.1 -999.9 0.2 3.8 7.8 400.0 
kumpula 2019 10 3 276 3.1 6.2 2.7 -999.9 2.5 5.4 7.4 400.0 
kumpula 2019 10 4 277 1.3 4.4 5.1 -999.9 0.9 4.2 6.8 400.0 
kumpula 2019 10 5 278 -0.9 5.3 7.6 -999.9 0.0 3.2 5.7 400.0 
kumpula 2019 10 6 279 -0.5 6.5 5.5 -999.9 0.0 2.5 6.4 400.0 
kumpula 2019 10 7 280 2.0 7.3 5.8 -999.9 0.4 2.0 7.6 400.0 
kumpula 2019 10 8 281 1.9 7.2 3.8 -999.9 0.0 1.7 7.3 400.0 
kumpula 2019 10 9 282 1.2 7.9 4.4 -999.9 1.2 2.3 7.3 400.0 
kumpula 2019 10 10 283 4.2 9.8 2.7 -999.9 1.1 1.7 9.4 400.0 
kumpula 2019 10 11 284 5.3 12.7 4.5 -999.9 31.0 4.5 10.7 400.0 
kumpula 2019 10 12 285 7.5 11.5 4.1 -999.9 1.0 4.4 10.8 400.0 
kumpula 2019 10 13 286 5.4 12.2 5.9 -999.9 2.2 3.9 9.9 400.0 
kumpula 2019 10 14 287 1.7 8.0 1.4 -999.9 10.2 4.0 8.1 400.0 
kumpula 2019 10 15 288 -1.9 7.3 6.6 -999.9 0.8 3.7 6.2 400.0 
kumpula 2019 10 16 289 4.6 8.1 0.6 -999.9 0.2 6.2 8.7 400.0 
kumpula 2019 10 17 290 4.2 5.2 0.6 -999.9 5.6 4.7 8.3 400.0 
kumpula 2019 10 18 291 4.6 10.0 1.4 -999.9 3.0 2.5 10.0 400.0 
kumpula 2019 10 19 292 10.0 12.2 2.1 -999.9 2.5 5.0 12.3 400.0 
kumpula 2019 10 20 293 7.7 11.1 1.5 -999.9 11.9 3.1 11.4 400.0 
kumpula 2019 10 21 294 4.0 10.4 1.9 -999.9 0.2 3.4 9.0 400.0 
kumpula 2019 10 22 295 2.5 11.0 1.0 -999.9 0.1 6.8 8.6 400.0 
kumpula 2019 10 23 296 7.1 12.2 6.2 -999.9 0.0 4.4 10.1 400.0 
kumpula 2019 10 24 297 9.7 12.5 3.2 -999.9 0.0 5.7 11.2 400.0 
kumpula 2019 10 25 298 9.1 11.8 0.6 -999.9 1.0 6.2 11.5 400.0 
kumpula 2019 10 26 299 5.4 10.7 0.7 -999.9 12.8 5.3 9.4 400.0 
kumpula 2019 10 27 300 0.8 5.4 0.4 -999.9 9.2 3.4 7.3 400.0 
kumpula 2019 10 28 301 -0.4 2.5 1.7 -999.9 1.0 2.3 5.9 400.0 
kumpula 2019 10 29 302 -4.4 1.4 3.6 -999.9 0.0 3.4 4.7 400.0 
kumpula 2019 10 30 303 -4.5 1.4 5.2 -999.9 0.0 3.4 4.4 400.0 
kumpula 2019 10 31 304 -0.4 5.9 3.2 -999.9 0.0 4.0 6.4 400.0 
kumpula 2019 11 1 305 -1.2 4.7 4.6 -999.9 0.0 3.3 6.1 400.0 
kumpula 2019 11 2 306 -1.4 6.0 1.2 -999.9 4.5 5.4 6.2 400.0 
kumpula 2019 11 3 307 0.7 4.6 1.4 -999.9 0.0 2.3 7.1 400.0 
kumpula 2019 11 4 308 -1.9 2.1 2.0 -999.9 0.0 4.9 5.1 400.0 
kumpula 2019 11 5 309 -2.9 0.3 1.7 -999.9 0.0 6.3 3.3 400.0 
kumpula 2019 11 6 310 -4.4 -0.9 2.9 -999.9 0.2 5.0 2.8 400.0 
kumpula 2019 11 7 311 -4.2 -0.7 0.8 -999.9 0.5 4.7 4.4 400.0 
kumpula 2019 11 8 312 -1.2 4.6 0.6 -999.9 1.3 3.1 6.5 400.0 
kumpula 2019 11 9 313 4.5 6.7 0.5 -999.9 4.9 3.6 8.5 400.0 
kumpula 2019 11 10 314 5.5 8.7 0.5 -999.9 8.5 4.0 9.9 400.0 
kumpula 2019 11 11 315 -1.0 7.5 0.8 -999.9 0.0 3.4 7.4 400.0 
kumpula 2019 11 12 316 -1.5 5.9 1.1 -999.9 13.7 4.9 6.4 400.0 
kumpula 2019 11 13 317 4.9 7.6 0.1 -999.9 20.9 4.9 9.2 400.0 
kumpula 2019 11 14 318 6.1 10.3 0.2 -999.9 2.9 6.2 10.1 400.0 
kumpula 2019 11 15 319 -0.2 6.1 1.9 -999.9 0.0 2.7 6.7 400.0 
kumpula 2019 11 16 320 -1.5 1.9 0.5 -999.9 0.1 4.6 5.7 400.0 
kumpula 2019 11 17 321 1.9 8.6 0.4 -999.9 0.0 5.5 8.1 400.0 
kumpula 2019 11 18 322 3.9 7.7 0.6 -999.9 0.7 4.5 8.9 400.0 
kumpula 2019 11 19 323 6.0 7.1 0.2 -999.9 0.0 5.5 8.7 400.0 
kumpula 2019 11 20 324 5.2 6.7 0.5 -999.9 0.0 4.1 8.5 400.0 
kumpula 2019 11 21 325 3.1 5.6 0.3 -999.9 0.1 5.4 6.8 400.0 
kumpula 2019 11 22 326 -0.2 5.2 0.1 -999.9 0.0 5.4 5.7 400.0 
kumpula 2019 11 23 327 -0.3 1.2 0.9 -999.9 0.0 3.7 4.3 400.0 
kumpula 2019 11 24 328 -1.0 0.8 1.0 -999.9 0.0 3.1 4.7 400.0 
kumpula 2019 11 25 329 -3.1 1.1 0.3 -999.9 0.0 2.0 4.9 400.0 
kumpula 2019 11 26 330 0.7 1.6 0.1 -999.9 1.8 3.8 5.9 400.0 
kumpula 2019 11 27 331 1.4 2.4 0.1 -999.9 6.9 3.9 6.7 400.0 
kumpula 2019 11 28 332 2.4 4.0 0.1 -999.9 17.0 5.5 7.4 400.0 
kumpula 2019 11 29 333 -0.5 5.0 0.1 -999.9 7.6 7.0 6.8 400.0 
kumpula 2019 11 30 334 -5.8 -0.6 1.4 -999.9 0.0 4.5 4.3 400.0 
kumpula 2019 12 1 335 -4.9 0.0 1.3 -999.9 0.0 5.5 4.4 400.0 
kumpula 2019 12 2 336 -3.8 -0.1 1.5 -999.9 0.0 4.3 4.8 400.0 
kumpula 2019 12 3 337 -4.7 0.0 1.5 -999.9 0.0 4.7 4.5 400.0 
kumpula 2019 12 4 338 -0.1 5.8 0.8 -999.9 0.0 6.0 6.9 400.0 
kumpula 2019 12 5 339 2.3 6.9 0.1 -999.9 0.3 8.1 7.0 400.0 
kumpula 2019 12 6 340 4.6 7.0 0.3 -999.9 5.3 5.7 8.6 400.0 
kumpula 2019 12 7 341 4.0 6.7 0.2 -999.9 6.2 6.2 8.5 400.0 
kumpula 2019 12 8 342 0.9 5.7 0.9 -999.9 10.5 6.8 6.9 400.0 
kumpula 2019 12 9 343 2.8 7.1 0.8 -999.9 7.9 7.0 7.7 400.0 
kumpula 2019 12 10 344 -5.3 5.4 0.8 -999.9 0.0 2.0 4.3 400.0 
kumpula 2019 12 11 345 -5.8 2.5 0.4 -999.9 2.4 7.4 4.7 400.0 
kumpula 2019 12 12 346 0.2 2.6 0.3 -999.9 1.1 7.0 5.8 400.0 
kumpula 2019 12 13 347 0.5 3.3 0.3 -999.9 0.6 5.8 6.0 400.0 
kumpula 2019 12 14 348 1.6 3.0 0.0 -999.9 11.2 6.3 6.3 400.0 
kumpula 2019 12 15 349 0.6 3.1 0.2 -999.9 5.3 4.8 6.6 400.0 
kumpula 2019 12 16 350 2.2 4.2 0.5 -999.9 9.0 3.8 7.1 400.0 
kumpula 2019 12 17 351 2.2 4.9 0.6 -999.9 5.6 4.5 7.0 400.0 
kumpula 2019 12 18 352 1.7 6.7 0.0 -999.9 17.4 6.3 7.8 400.0 
kumpula 2019 12 19 353 -0.1 2.7 1.3 -999.9 0.1 5.2 5.9 400.0 
kumpula 2019 12 20 354 -0.4 4.2 0.2 -999.9 0.2 4.5 6.5 400.0 
kumpula 2019 12 21 355 2.4 3.8 0.1 -999.9 0.0 4.5 7.2 400.0 
kumpula 2019 12 22 356 2.6 5.5 0.1 -999.9 1.5 3.5 7.9 400.0 
kumpula 2019 12 23 357 3.8 5.4 0.3 -999.9 0.3 1.4 7.3 400.0 
kumpula 2019 12 24 358 2.4 4.3 0.4 -999.9 7.0 2.0 7.2 400.0 
kumpula 2019 12 25 359 0.7 2.4 0.3 -999.9 0.0 2.8 6.6 400.0 
kumpula 2019 12 26 360 -0.1 1.5 0.3 -999.9 0.1 2.6 5.9 400.0 
kumpula 2019 12 27 361 -4.5 0.1 0.8 -999.9 0.0 6.0 4.2 400.0 
kumpula 2019 12 28 362 -8.4 -2.8 1.2 -999.9 0.0 3.2 3.4 400.0 
kumpula 2019 12 29 363 -8.4 4.0 0.2 -999.9 0.4 7.6 4.8 400.0 
kumpula 2019 12 30 364 3.9 6.4 0.1 -999.9 0.2 6.0 8.4 400.0 
kumpula 2019 12 31 365 -1.9 4.9 0.5 -999.9 0.0 5.5 5.4 400.0 
